[{"pos":[13.2232885,-413.405243,32.0577316],"rotationMatrix":[0.945473731,0.325698316,0,-0.325698316,0.945473731,0,0,0,1],"scale":0.65602541,"type":"Juniper_ancient_01"},
{"pos":[-365.845978,50.5505371,28.6191635],"rotationMatrix":[-0.991614401,-0.12924625,0,0.12924625,-0.991614401,0,0,0,1],"scale":0.858673096,"type":"Juniper_ancient_01"},
{"pos":[-20.7697182,-272.091949,83.2456741],"rotationMatrix":[0.979152381,0.203123719,0,-0.203123719,0.979152381,0,0,0,1],"scale":1.31406736,"type":"Juniper_ancient_01"},
{"pos":[-280.756683,164.616135,43.0783463],"rotationMatrix":[0.425849348,0.904794097,0,-0.904794097,0.425849348,0,0,0,1],"scale":1.33161235,"type":"Juniper_ancient_01"},
{"pos":[-276.312866,176.781174,45.0817986],"rotationMatrix":[-0.397537977,-0.917585731,0,0.917585731,-0.397537977,0,0,0,1],"scale":1.38773322,"type":"Juniper_ancient_01"},
{"pos":[-163.659714,107.474464,44.8092117],"rotationMatrix":[-0.899153113,-0.428296357,0.0899208859,0.426170558,-0.903638244,-0.0426196791,0.0995098203,1.35021905e-08,0.995036423],"scale":1.2630825,"type":"Juniper_ancient_01"}]
