[{"pos":[407.197327,193.199493,31.0312424],"rotationMatrix":[-0.18773061,-0.982220531,0,0.982220531,-0.18773061,0,0,0,1],"scale":1.043607,"type":"Juniper_dead_branch_01"},
{"pos":[401.140045,186.025833,34.3563919],"rotationMatrix":[0.824471056,0.565904081,0,-0.565904081,0.824471056,0,0,0,1],"scale":1.50939047,"type":"Juniper_dead_branch_01"},
{"pos":[398.522949,188.344406,35.5200768],"rotationMatrix":[0.192513496,-0.981294334,0,0.981294334,0.192513496,0,0,0,1],"scale":1.22049809,"type":"Juniper_dead_branch_01"},
{"pos":[401.945831,189.558945,33.7918358],"rotationMatrix":[0.15372166,0.988114178,0,-0.988114178,0.15372166,0,0,0,1],"scale":1.59562171,"type":"Juniper_dead_branch_01"},
{"pos":[409.475891,208.5242,30.0108604],"rotationMatrix":[0.877356589,-0.479838967,0,0.479838967,0.877356589,0,0,0,1],"scale":1.52459979,"type":"Juniper_dead_branch_01"},
{"pos":[406.515289,207.273529,30.8598137],"rotationMatrix":[0.0507908687,0.998709321,0,-0.998709321,0.0507908687,0,0,0,1],"scale":1.22456944,"type":"Juniper_dead_branch_01"},
{"pos":[209.150879,349.15332,26.2080612],"rotationMatrix":[0.494948059,0.868922532,0,-0.868922532,0.494948059,0,0,0,1],"scale":1.11658382,"type":"Juniper_dead_branch_01"},
{"pos":[-21.3448277,-274.48114,83.1950684],"rotationMatrix":[-0.6395666,-0.768735707,0,0.768735707,-0.6395666,0,0,0,1],"scale":1.11455977,"type":"Juniper_dead_branch_01"},
{"pos":[-22.343008,-269.763245,83.4823151],"rotationMatrix":[-0.177514344,0.984118223,0,-0.984118223,-0.177514344,0,0,0,1],"scale":1.24589968,"type":"Juniper_dead_branch_01"},
{"pos":[221.548706,0.453588963,44.7282028],"rotationMatrix":[-0.994440436,0.105300441,0,-0.105300441,-0.994440436,0,0,0,1],"scale":1.16053605,"type":"Juniper_dead_branch_01"},
{"pos":[219.552231,1.70320868,44.9911461],"rotationMatrix":[-0.860884428,0.508800507,0,-0.508800507,-0.860884428,0,0,0,1],"scale":1.31032848,"type":"Juniper_dead_branch_01"},
{"pos":[-24.1142788,-200.390732,89.0688019],"rotationMatrix":[0.999893427,0.0145971999,0,-0.0145971999,0.999893427,0,0,0,1],"scale":1.22106743,"type":"Juniper_dead_branch_01"},
{"pos":[-20.709425,-191.202591,84.8451996],"rotationMatrix":[-0.389642835,0.920966029,0,-0.920966029,-0.389642835,0,0,0,1],"scale":1.24418128,"type":"Juniper_dead_branch_01"},
{"pos":[-2.86320543,-172.310028,79.4258881],"rotationMatrix":[0.978050828,0.208366498,0,-0.208366498,0.978050828,0,0,0,1],"scale":1.00521481,"type":"Juniper_dead_branch_01"},
{"pos":[92.0598679,-120.183907,50.8764305],"rotationMatrix":[0.126728877,0.959967673,-0.249802545,-0.989625335,0.139542282,0.0341947526,0.0676839128,0.242877454,0.967692494],"scale":1.35106182,"type":"Juniper_dead_branch_01"},
{"pos":[-159.350311,109.313622,45.3776245],"rotationMatrix":[0.813601792,-0.581422031,0,0.581422031,0.813601792,0,0,0,1],"scale":1.26163507,"type":"Juniper_dead_branch_01"},
{"pos":[-160.315781,104.913826,44.8876648],"rotationMatrix":[0.291295797,-0.95663327,0,0.95663327,0.291295797,0,0,0,1],"scale":1.23141813,"type":"Juniper_dead_branch_01"}]
