[{"pos":[44.9196625,68.2028122,37.24823],"rotationMatrix":[-0.0139913643,0.999902129,0,-0.999902129,-0.0139913643,0,0,0,1],"scale":1.11545062,"type":"Juniper_tree_04"},
{"pos":[44.628212,71.0167999,37.2994461],"rotationMatrix":[0.987384796,-0.158339202,0,0.158339202,0.987384796,0,0,0,1],"scale":1.41700244,"type":"Juniper_tree_04"},
{"pos":[49.4758377,81.2731705,37.553791],"rotationMatrix":[0.490796477,-0.871274233,0,0.871274233,0.490796477,0,0,0,1],"scale":1.53937471,"type":"Juniper_tree_04"},
{"pos":[-17.1848412,117.410736,42.8727531],"rotationMatrix":[0.970635712,-0.240554169,0,0.240554169,0.970635712,0,0,0,1],"scale":1.07922387,"type":"Juniper_tree_04"},
{"pos":[-56.9091797,-2.41765928,37.0166435],"rotationMatrix":[-0.0317665972,-0.999495327,0,0.999495327,-0.0317665972,0,0,0,1],"scale":1.32822561,"type":"Juniper_tree_04"},
{"pos":[-92.2265396,30.3606567,38.7329559],"rotationMatrix":[-0.418042272,0.908427596,0,-0.908427596,-0.418042272,0,0,0,1],"scale":1.25415111,"type":"Juniper_tree_04"},
{"pos":[-63.4956818,-336.318848,44.9606895],"rotationMatrix":[0.943922698,0.330166519,0,-0.330166519,0.943922698,0,0,0,1],"scale":1.52340961,"type":"Juniper_tree_04"},
{"pos":[-25.7389202,-335.926056,63.1338196],"rotationMatrix":[0.977899849,0.209073916,0,-0.209073916,0.977899849,0,0,0,1],"scale":1.40258563,"type":"Juniper_tree_04"},
{"pos":[362.788391,165.15036,28.6713963],"rotationMatrix":[-0.297816306,0.937722087,-0.178837284,-0.944744706,-0.316397101,-0.0857314467,-0.136975765,0.143423319,0.980136335],"scale":1.13491714,"type":"Juniper_tree_04"},
{"pos":[-363.001221,223.148514,37.5880508],"rotationMatrix":[0.918629766,0.395119429,0,-0.395119429,0.918629766,0,0,0,1],"scale":1.02489877,"type":"Juniper_tree_04"},
{"pos":[-363.58429,200.548721,37.7682381],"rotationMatrix":[-0.951764047,-0.306830794,0,0.306830794,-0.951764047,0,0,0,1],"scale":1.49541473,"type":"Juniper_tree_04"},
{"pos":[-340.221771,262.213165,42.3147011],"rotationMatrix":[-0.343731165,0.939068079,0,-0.939068079,-0.343731165,0,0,0,1],"scale":1.12361288,"type":"Juniper_tree_04"},
{"pos":[-343.115814,262.227631,41.2954521],"rotationMatrix":[-0.631384969,-0.775469601,0,0.775469601,-0.631384969,0,0,0,1],"scale":1.14112329,"type":"Juniper_tree_04"},
{"pos":[-375.424194,84.2411575,27.4157162],"rotationMatrix":[0.730127275,0.683311224,0,-0.683311224,0.730127275,0,0,0,1],"scale":1.11248779,"type":"Juniper_tree_04"},
{"pos":[-366.038544,94.860466,28.0350723],"rotationMatrix":[-0.763397217,-0.645928741,0,0.645928741,-0.763397217,0,0,0,1],"scale":1.10495102,"type":"Juniper_tree_04"},
{"pos":[-357.528809,66.18293,35.4360695],"rotationMatrix":[-0.37902084,-0.925388157,0,0.925388157,-0.37902084,0,0,0,1],"scale":1.04937804,"type":"Juniper_tree_04"},
{"pos":[-361.07486,67.8733063,34.2081528],"rotationMatrix":[0.185037985,0.982731342,0,-0.982731342,0.185037985,0,0,0,1],"scale":1.60977674,"type":"Juniper_tree_04"},
{"pos":[-349.269043,21.0235062,37.1710587],"rotationMatrix":[0.692365348,-0.721547127,0,0.721547127,0.692365348,0,0,0,1],"scale":1.44018507,"type":"Juniper_tree_04"},
{"pos":[-353.216034,25.9778404,37.3729248],"rotationMatrix":[0.268141359,-0.963379562,0,0.963379562,0.268141359,0,0,0,1],"scale":1.0427866,"type":"Juniper_tree_04"},
{"pos":[-353.577789,11.0162315,36.4826965],"rotationMatrix":[-0.860144496,-0.510050416,0,0.510050416,-0.860144496,0,0,0,1],"scale":1.24487448,"type":"Juniper_tree_04"},
{"pos":[-351.393463,6.46526384,37.0601425],"rotationMatrix":[-0.985533297,0.169481874,0,-0.169481874,-0.985533297,0,0,0,1],"scale":1.65478468,"type":"Juniper_tree_04"},
{"pos":[-367.613403,10.0872898,29.7325401],"rotationMatrix":[0.386644542,-0.922228813,0,0.922228813,0.386644542,0,0,0,1],"scale":1.33935857,"type":"Juniper_tree_04"},
{"pos":[-369.412933,5.59753895,28.1238251],"rotationMatrix":[-0.637351394,0.770572722,0,-0.770572722,-0.637351394,0,0,0,1],"scale":1.71616054,"type":"Juniper_tree_04"},
{"pos":[-392.643127,-17.4441223,30.5800743],"rotationMatrix":[-0.941201508,0.337845623,0,-0.337845623,-0.941201508,0,0,0,1],"scale":1.38930726,"type":"Juniper_tree_04"},
{"pos":[-393.075012,-6.95132542,28.9618397],"rotationMatrix":[-0.150485769,0.988612175,0,-0.988612175,-0.150485769,0,0,0,1],"scale":1.41888523,"type":"Juniper_tree_04"},
{"pos":[-395.382385,-25.8670464,30.2254848],"rotationMatrix":[0.424813181,0.905281007,0,-0.905281007,0.424813181,0,0,0,1],"scale":1.66494489,"type":"Juniper_tree_04"},
{"pos":[-399.144318,-31.3664169,29.3964081],"rotationMatrix":[-0.608780026,0.793339074,0,-0.793339074,-0.608780026,0,0,0,1],"scale":1.46287262,"type":"Juniper_tree_04"},
{"pos":[-396.989014,-37.3116455,29.3469696],"rotationMatrix":[0.634837389,-0.772645772,0,0.772645772,0.634837389,0,0,0,1],"scale":1.33351612,"type":"Juniper_tree_04"},
{"pos":[-401.966339,-42.7920647,29.0487728],"rotationMatrix":[0.953840196,0.300314665,0,-0.300314665,0.953840196,0,0,0,1],"scale":1.47743845,"type":"Juniper_tree_04"},
{"pos":[-403.859619,-51.0238876,28.2467422],"rotationMatrix":[-0.143397182,0.98966521,0,-0.98966521,-0.143397182,0,0,0,1],"scale":1.26160216,"type":"Juniper_tree_04"},
{"pos":[-407.018646,-57.2231598,28.9282112],"rotationMatrix":[0.254150689,0.967164636,0,-0.967164636,0.254150689,0,0,0,1],"scale":1.07963026,"type":"Juniper_tree_04"},
{"pos":[-405.798096,-61.0675888,28.9100342],"rotationMatrix":[-0.8740201,0.485889465,0,-0.485889465,-0.8740201,0,0,0,1],"scale":1.47308636,"type":"Juniper_tree_04"},
{"pos":[-380.554016,-24.1017132,31.4567623],"rotationMatrix":[0.870006919,0.493039548,0,-0.493039548,0.870006919,0,0,0,1],"scale":1.66971493,"type":"Juniper_tree_04"},
{"pos":[-379.890137,-35.1460648,31.9320889],"rotationMatrix":[-0.684149742,0.729341567,0,-0.729341567,-0.684149742,0,0,0,1],"scale":1.38350987,"type":"Juniper_tree_04"},
{"pos":[-379.971252,-46.3078728,33.3746376],"rotationMatrix":[-0.20669131,-0.978406191,0,0.978406191,-0.20669131,0,0,0,1],"scale":1.29089653,"type":"Juniper_tree_04"},
{"pos":[-382.149109,-43.7616577,32.6719475],"rotationMatrix":[0.876263261,-0.481832683,0,0.481832683,0.876263261,0,0,0,1],"scale":1.66302896,"type":"Juniper_tree_04"},
{"pos":[-386.008301,-59.7138977,33.1309509],"rotationMatrix":[0.943217695,-0.332175165,0,0.332175165,0.943217695,0,0,0,1],"scale":1.2308085,"type":"Juniper_tree_04"},
{"pos":[-381.095001,-58.3994675,34.0834541],"rotationMatrix":[-0.732495189,0.680772185,0,-0.680772185,-0.732495189,0,0,0,1],"scale":1.0319016,"type":"Juniper_tree_04"},
{"pos":[-387.878571,-62.4224091,32.852211],"rotationMatrix":[0.6366238,-0.77117455,0,0.77117455,0.6366238,0,0,0,1],"scale":1.40473175,"type":"Juniper_tree_04"},
{"pos":[-391.273956,-65.1873932,32.5581322],"rotationMatrix":[0.880553126,-0.473947465,0,0.473947465,0.880553126,0,0,0,1],"scale":1.56630659,"type":"Juniper_tree_04"},
{"pos":[-390.499664,-73.0373688,32.9267578],"rotationMatrix":[-0.189903051,0.981802821,0,-0.981802821,-0.189903051,0,0,0,1],"scale":1.4331646,"type":"Juniper_tree_04"},
{"pos":[-395.728455,-93.6101379,32.1651611],"rotationMatrix":[0.403540105,-0.914961934,0,0.914961934,0.403540105,0,0,0,1],"scale":1.46876538,"type":"Juniper_tree_04"},
{"pos":[-397.080841,-100.866867,32.4996185],"rotationMatrix":[0.843531847,0.537079155,0,-0.537079155,0.843531847,0,0,0,1],"scale":1.06139541,"type":"Juniper_tree_04"},
{"pos":[-376.892456,-60.3911438,34.8713531],"rotationMatrix":[-0.792155087,-0.610319793,0,0.610319793,-0.792155087,0,0,0,1],"scale":1.12516284,"type":"Juniper_tree_04"},
{"pos":[-385.682037,-72.2347412,33.9620323],"rotationMatrix":[-0.0405432135,-0.999177814,0,0.999177814,-0.0405432135,0,0,0,1],"scale":1.79230499,"type":"Juniper_tree_04"},
{"pos":[-381.53006,-83.5969086,34.654808],"rotationMatrix":[-0.432477653,0.901644647,0,-0.901644647,-0.432477653,0,0,0,1],"scale":1.71253037,"type":"Juniper_tree_04"},
{"pos":[-385.267181,-78.9037094,33.9830284],"rotationMatrix":[-0.18206805,0.983285904,0,-0.983285904,-0.18206805,0,0,0,1],"scale":1.22630548,"type":"Juniper_tree_04"},
{"pos":[-391.433014,-100.900963,33.8551636],"rotationMatrix":[-0.0471264645,0.99888891,0,-0.99888891,-0.0471264645,0,0,0,1],"scale":1.34634209,"type":"Juniper_tree_04"},
{"pos":[-382.806549,-97.8934784,35.3492775],"rotationMatrix":[-0.541151583,0.840925038,0,-0.840925038,-0.541151583,0,0,0,1],"scale":1.54576313,"type":"Juniper_tree_04"},
{"pos":[-390.903595,-115.693008,34.4137726],"rotationMatrix":[0.539310157,-0.842107236,0,0.842107236,0.539310157,0,0,0,1],"scale":1.67220926,"type":"Juniper_tree_04"},
{"pos":[-394.730621,-119.66243,33.5831299],"rotationMatrix":[-0.961530745,0.274697274,0,-0.274697274,-0.961530745,0,0,0,1],"scale":1.13912606,"type":"Juniper_tree_04"},
{"pos":[-392.571075,-129.165421,34.6938744],"rotationMatrix":[0.99977845,0.0210482478,0,-0.0210482478,0.99977845,0,0,0,1],"scale":1.21926963,"type":"Juniper_tree_04"},
{"pos":[-392.593018,-132.637131,34.6286774],"rotationMatrix":[-0.823776126,0.566915214,0,-0.566915214,-0.823776126,0,0,0,1],"scale":1.20008171,"type":"Juniper_tree_04"},
{"pos":[-395.500702,-135.009903,34.134079],"rotationMatrix":[0.852592289,0.52257669,0,-0.52257669,0.852592289,0,0,0,1],"scale":1.188362,"type":"Juniper_tree_04"},
{"pos":[-387.634979,-135.854843,36.0226669],"rotationMatrix":[0.686546683,-0.72708571,0,0.72708571,0.686546683,0,0,0,1],"scale":1.43503261,"type":"Juniper_tree_04"},
{"pos":[-390.422424,-112.438103,34.4399529],"rotationMatrix":[-0.9344244,0.356161535,0,-0.356161535,-0.9344244,0,0,0,1],"scale":1.18398261,"type":"Juniper_tree_04"},
{"pos":[-396.203369,-117.25827,32.7453995],"rotationMatrix":[0.999570549,0.0293034725,0,-0.0293034725,0.999570549,0,0,0,1],"scale":1.5473094,"type":"Juniper_tree_04"},
{"pos":[-407.531921,-130.302063,32.5932236],"rotationMatrix":[0.918175876,-0.39617309,0,0.39617309,0.918175876,0,0,0,1],"scale":1.10521019,"type":"Juniper_tree_04"},
{"pos":[-409.63678,-125.042389,32.2607727],"rotationMatrix":[0.963091791,-0.269172668,0,0.269172668,0.963091791,0,0,0,1],"scale":1.32481682,"type":"Juniper_tree_04"},
{"pos":[-413.514496,-117.031143,31.9123631],"rotationMatrix":[-0.826410234,-0.563068449,0,0.563068449,-0.826410234,0,0,0,1],"scale":1.16985619,"type":"Juniper_tree_04"},
{"pos":[-412.12384,-112.443413,31.9448318],"rotationMatrix":[0.999550223,-0.0299893152,0,0.0299893152,0.999550223,0,0,0,1],"scale":1.24985385,"type":"Juniper_tree_04"},
{"pos":[-414.941895,-101.855919,30.4955387],"rotationMatrix":[-0.509663522,0.860375106,0,-0.860375106,-0.509663522,0,0,0,1],"scale":1.59680843,"type":"Juniper_tree_04"},
{"pos":[-409.123016,-138.09523,32.7411957],"rotationMatrix":[-0.422217667,-0.906494498,0,0.906494498,-0.422217667,0,0,0,1],"scale":1.25615454,"type":"Juniper_tree_04"},
{"pos":[-379.704559,-179.930603,39.9450912],"rotationMatrix":[-0.809054792,0.587733269,0,-0.587733269,-0.809054792,0,0,0,1],"scale":1.56818366,"type":"Juniper_tree_04"},
{"pos":[-380.554901,-165.224472,38.8706017],"rotationMatrix":[-0.6240412,-0.781391442,0,0.781391442,-0.6240412,0,0,0,1],"scale":1.70361865,"type":"Juniper_tree_04"},
{"pos":[-393.940735,-146.714966,35.3716354],"rotationMatrix":[-0.992901027,-0.118943632,0,0.118943632,-0.992901027,0,0,0,1],"scale":1.08382654,"type":"Juniper_tree_04"},
{"pos":[-354.517334,-107.213181,40.5193405],"rotationMatrix":[-0.925984383,0.377561837,0,-0.377561837,-0.925984383,0,0,0,1],"scale":1.01711118,"type":"Juniper_tree_04"},
{"pos":[-359.032715,-141.20108,40.3481674],"rotationMatrix":[0.837154329,0.546966732,0,-0.546966732,0.837154329,0,0,0,1],"scale":1.40052342,"type":"Juniper_tree_04"},
{"pos":[-351.199646,-141.593552,41.6857796],"rotationMatrix":[0.89942205,0.437081218,0,-0.437081218,0.89942205,0,0,0,1],"scale":1.58077633,"type":"Juniper_tree_04"},
{"pos":[-349.328705,-157.758545,41.8275528],"rotationMatrix":[-0.0711564422,-0.997465193,0,0.997465193,-0.0711564422,0,0,0,1],"scale":1.71813226,"type":"Juniper_tree_04"},
{"pos":[-331.459839,-169.518082,44.0092926],"rotationMatrix":[0.540343761,-0.841444373,0,0.841444373,0.540343761,0,0,0,1],"scale":1.47181582,"type":"Juniper_tree_04"},
{"pos":[-340.593781,-181.632034,42.1820374],"rotationMatrix":[0.638118386,0.76993829,0,-0.76993829,0.638118386,0,0,0,1],"scale":1.36716199,"type":"Juniper_tree_04"},
{"pos":[-350.541626,-188.04985,41.2927666],"rotationMatrix":[0.757274628,0.653096616,0,-0.653096616,0.757274628,0,0,0,1],"scale":1.42913914,"type":"Juniper_tree_04"},
{"pos":[-345.388397,-184.622818,41.8946419],"rotationMatrix":[0.957239747,0.289295882,0,-0.289295882,0.957239747,0,0,0,1],"scale":1.01671529,"type":"Juniper_tree_04"},
{"pos":[-347.376862,-200.86441,40.8032188],"rotationMatrix":[-0.754547238,-0.656245708,0,0.656245708,-0.754547238,0,0,0,1],"scale":1.40739238,"type":"Juniper_tree_04"},
{"pos":[-342.404297,-197.712997,41.1370239],"rotationMatrix":[-0.999998987,-0.00142446312,0,0.00142446312,-0.999998987,0,0,0,1],"scale":1.5545845,"type":"Juniper_tree_04"},
{"pos":[-337.131714,-147.354645,43.7122993],"rotationMatrix":[-0.196654916,-0.980472744,0,0.980472744,-0.196654916,0,0,0,1],"scale":1.75675249,"type":"Juniper_tree_04"},
{"pos":[-331.450287,-130.468521,44.1893311],"rotationMatrix":[0.995283961,0.0970045254,0,-0.0970045254,0.995283961,0,0,0,1],"scale":1.55854988,"type":"Juniper_tree_04"},
{"pos":[-332.494995,-127.44854,44.096405],"rotationMatrix":[-0.769801438,0.638283432,0,-0.638283432,-0.769801438,0,0,0,1],"scale":1.23200083,"type":"Juniper_tree_04"},
{"pos":[-330.476715,-133.070969,43.907692],"rotationMatrix":[-0.241153821,0.970486879,0,-0.970486879,-0.241153821,0,0,0,1],"scale":1.61033154,"type":"Juniper_tree_04"},
{"pos":[-309.094543,-53.3361511,38.9333382],"rotationMatrix":[-0.993846655,-0.110764831,0,0.110764831,-0.993846655,0,0,0,1],"scale":1.67137051,"type":"Juniper_tree_04"},
{"pos":[-297.627319,-56.4774323,37.1637955],"rotationMatrix":[0.988203108,-0.15314886,0,0.15314886,0.988203108,0,0,0,1],"scale":1.08460975,"type":"Juniper_tree_04"},
{"pos":[-295.050903,-53.6146011,37.0861588],"rotationMatrix":[0.793496847,-0.60857439,0,0.60857439,0.793496847,0,0,0,1],"scale":1.74093699,"type":"Juniper_tree_04"},
{"pos":[-301.171783,-51.5810661,37.7277489],"rotationMatrix":[-0.78173703,0.623608232,0,-0.623608232,-0.78173703,0,0,0,1],"scale":1.03236175,"type":"Juniper_tree_04"},
{"pos":[-284.080078,-62.8221054,38.160141],"rotationMatrix":[-0.47548759,0.879722416,0,-0.879722416,-0.47548759,0,0,0,1],"scale":1.61443186,"type":"Juniper_tree_04"},
{"pos":[-286.171722,-66.932869,38.4682922],"rotationMatrix":[-0.999609947,0.0279267151,0,-0.0279267151,-0.999609947,0,0,0,1],"scale":1.16730273,"type":"Juniper_tree_04"},
{"pos":[-288.106628,-77.8758774,39.7761421],"rotationMatrix":[0.927266479,-0.374402046,0,0.374402046,0.927266479,0,0,0,1],"scale":1.69229746,"type":"Juniper_tree_04"},
{"pos":[-323.40979,-22.842207,37.6630859],"rotationMatrix":[0.897901654,-0.440196097,0,0.440196097,0.897901654,0,0,0,1],"scale":1.47967005,"type":"Juniper_tree_04"},
{"pos":[-329.989899,-31.8314743,38.2695084],"rotationMatrix":[-0.821191967,0.570652068,0,-0.570652068,-0.821191967,0,0,0,1],"scale":1.46624935,"type":"Juniper_tree_04"},
{"pos":[-325.209839,-55.0692329,39.0369034],"rotationMatrix":[-0.330385894,-0.943845928,0,0.943845928,-0.330385894,0,0,0,1],"scale":1.32106066,"type":"Juniper_tree_04"},
{"pos":[-303.416229,-34.7608643,37.3257523],"rotationMatrix":[0.449796557,-0.893131018,0,0.893131018,0.449796557,0,0,0,1],"scale":1.47770858,"type":"Juniper_tree_04"},
{"pos":[-297.758209,-52.707962,37.30439],"rotationMatrix":[-0.539765835,-0.841815233,0,0.841815233,-0.539765835,0,0,0,1],"scale":1.34643245,"type":"Juniper_tree_04"},
{"pos":[-309.56543,-64.72229,39.0491295],"rotationMatrix":[0.899166346,-0.43760705,0,0.43760705,0.899166346,0,0,0,1],"scale":1.60215521,"type":"Juniper_tree_04"},
{"pos":[-336.990387,-65.521759,39.7972908],"rotationMatrix":[0.511857152,-0.859070539,0,0.859070539,0.511857152,0,0,0,1],"scale":1.39041066,"type":"Juniper_tree_04"},
{"pos":[-321.668182,-78.9888458,40.9242401],"rotationMatrix":[0.884288311,0.466941327,0,-0.466941327,0.884288311,0,0,0,1],"scale":1.02079499,"type":"Juniper_tree_04"},
{"pos":[-331.004974,-103.959419,43.1553726],"rotationMatrix":[0.327141702,0.944975317,0,-0.944975317,0.327141702,0,0,0,1],"scale":1.66751385,"type":"Juniper_tree_04"},
{"pos":[-332.715454,-86.5081253,41.3854256],"rotationMatrix":[0.65602684,0.754737556,0,-0.754737556,0.65602684,0,0,0,1],"scale":1.07497907,"type":"Juniper_tree_04"},
{"pos":[-324.4776,-127.697525,44.9915657],"rotationMatrix":[0.953379989,0.301772505,0,-0.301772505,0.953379989,0,0,0,1],"scale":1.75534892,"type":"Juniper_tree_04"},
{"pos":[-314.767975,1.3468914,36.9049072],"rotationMatrix":[-0.561049044,0.827782571,0,-0.827782571,-0.561049044,0,0,0,1],"scale":1.11491251,"type":"Juniper_tree_04"},
{"pos":[-292.230804,3.36503792,37.3663101],"rotationMatrix":[0.8798123,0.475321323,0,-0.475321323,0.8798123,0,0,0,1],"scale":1.39033747,"type":"Juniper_tree_04"},
{"pos":[-308.444733,-7.22200203,37.5613556],"rotationMatrix":[-0.694442511,0.719548166,0,-0.719548166,-0.694442511,0,0,0,1],"scale":1.14783216,"type":"Juniper_tree_04"},
{"pos":[-306.152039,-23.8594933,37.5078506],"rotationMatrix":[0.612529635,-0.790447652,0,0.790447652,0.612529635,0,0,0,1],"scale":1.24654794,"type":"Juniper_tree_04"},
{"pos":[-310.774994,7.33543587,36.849556],"rotationMatrix":[0.686295927,-0.7273224,0,0.7273224,0.686295927,0,0,0,1],"scale":1.19224072,"type":"Juniper_tree_04"},
{"pos":[-283.915436,-35.4431,36.7941055],"rotationMatrix":[0.196923539,-0.980418861,0,0.980418861,0.196923539,0,0,0,1],"scale":1.48387861,"type":"Juniper_tree_04"},
{"pos":[-346.538635,51.9835167,37.9304504],"rotationMatrix":[-0.964629054,0.263611078,0,-0.263611078,-0.964629054,0,0,0,1],"scale":1.28892922,"type":"Juniper_tree_04"},
{"pos":[-313.858429,63.16679,38.212841],"rotationMatrix":[-0.890997827,0.454007536,0,-0.454007536,-0.890997827,0,0,0,1],"scale":1.3613131,"type":"Juniper_tree_04"},
{"pos":[-317.414856,70.2778854,37.5841751],"rotationMatrix":[-0.957961261,-0.28689757,0,0.28689757,-0.957961261,0,0,0,1],"scale":1.50338972,"type":"Juniper_tree_04"},
{"pos":[-274.707001,50.7304993,38.3031311],"rotationMatrix":[0.847828448,-0.530270576,0,0.530270576,0.847828448,0,0,0,1],"scale":1.14436877,"type":"Juniper_tree_04"},
{"pos":[-279.40152,47.7967453,38.1483994],"rotationMatrix":[0.999311447,0.0371030644,0,-0.0371030644,0.999311447,0,0,0,1],"scale":1.76183724,"type":"Juniper_tree_04"},
{"pos":[-310.309692,56.9362831,38.2936363],"rotationMatrix":[0.806119502,0.591752768,0,-0.591752768,0.806119502,0,0,0,1],"scale":1.66513753,"type":"Juniper_tree_04"},
{"pos":[-312.065216,48.642849,39.1775284],"rotationMatrix":[0.964324892,-0.264721543,0,0.264721543,0.964324892,0,0,0,1],"scale":1.55007136,"type":"Juniper_tree_04"},
{"pos":[-321.076416,58.0049629,37.9015694],"rotationMatrix":[0.776941717,0.62957257,0,-0.62957257,0.776941717,0,0,0,1],"scale":1.35473692,"type":"Juniper_tree_04"},
{"pos":[-306.809418,88.9030151,37.9162827],"rotationMatrix":[0.994134545,-0.108150169,0,0.108150169,0.994134545,0,0,0,1],"scale":1.73744583,"type":"Juniper_tree_04"},
{"pos":[-406.621063,-236.215866,37.9012756],"rotationMatrix":[0.394242913,0.919006288,0,-0.919006288,0.394242913,0,0,0,1],"scale":1.65532064,"type":"Juniper_tree_04"},
{"pos":[-406.590973,-233.964752,37.5867538],"rotationMatrix":[0.838658929,0.544656932,0,-0.544656932,0.838658929,0,0,0,1],"scale":1.0423491,"type":"Juniper_tree_04"},
{"pos":[-401.80368,-213.748306,38.2853394],"rotationMatrix":[-0.993508041,0.113761932,0,-0.113761932,-0.993508041,0,0,0,1],"scale":1.23262072,"type":"Juniper_tree_04"},
{"pos":[-394.805084,-267.829407,35.3082008],"rotationMatrix":[-0.806339502,-0.591454744,0,0.591454744,-0.806339502,0,0,0,1],"scale":1.79598022,"type":"Juniper_tree_04"},
{"pos":[-413.338196,-241.422577,36.4810333],"rotationMatrix":[0.0421873629,0.993701279,0.103820704,-0.99906826,0.0429027267,-0.00466674892,-0.00909155607,-0.103527114,0.994585514],"scale":1.28112531,"type":"Juniper_tree_04"},
{"pos":[-376.661346,-303.534149,33.2095528],"rotationMatrix":[0.1447189,0.989472806,0,-0.989472806,0.1447189,0,0,0,1],"scale":1.19602096,"type":"Juniper_tree_04"},
{"pos":[-383.847443,-309.187073,33.5980377],"rotationMatrix":[-0.474535227,-0.880236506,0,0.880236506,-0.474535227,0,0,0,1],"scale":1.14371014,"type":"Juniper_tree_04"},
{"pos":[-369.125366,-327.36261,30.1814556],"rotationMatrix":[0.627938986,0.778262556,0,-0.778262556,0.627938986,0,0,0,1],"scale":1.47380126,"type":"Juniper_tree_04"},
{"pos":[-374.563782,-332.244476,30.2323303],"rotationMatrix":[-0.478386939,-0.878149152,0,0.878149152,-0.478386939,0,0,0,1],"scale":1.07282579,"type":"Juniper_tree_04"},
{"pos":[-367.667633,-341.216644,30.0666637],"rotationMatrix":[0.445312172,-0.895375371,0,0.895375371,0.445312172,0,0,0,1],"scale":1.03701544,"type":"Juniper_tree_04"},
{"pos":[-362.459412,-349.294769,29.2851715],"rotationMatrix":[-0.747702837,0.664033473,0,-0.664033473,-0.747702837,0,0,0,1],"scale":1.19149268,"type":"Juniper_tree_04"},
{"pos":[379.82132,-70.303154,30.9254341],"rotationMatrix":[-0.797608316,0.603175759,0,-0.603175759,-0.797608316,0,0,0,1],"scale":1.55027342,"type":"Juniper_tree_04"},
{"pos":[386.973755,-32.3888855,29.7627296],"rotationMatrix":[0.076012969,-0.99710685,0,0.99710685,0.076012969,0,0,0,1],"scale":1.4834981,"type":"Juniper_tree_04"},
{"pos":[378.068787,-14.023097,28.8019714],"rotationMatrix":[-0.996721327,0.0809106827,0,-0.0809106827,-0.996721327,0,0,0,1],"scale":1.20855391,"type":"Juniper_tree_04"},
{"pos":[377.398254,-9.65375328,29.3454609],"rotationMatrix":[0.28833288,-0.95753026,0,0.95753026,0.28833288,0,0,0,1],"scale":1.27907944,"type":"Juniper_tree_04"},
{"pos":[-230.448456,-278.431702,38.1401253],"rotationMatrix":[-0.554982841,-0.831861794,0,0.831861794,-0.554982841,0,0,0,1],"scale":1.28126097,"type":"Juniper_tree_04"},
{"pos":[-219.917099,-285.955261,38.5536537],"rotationMatrix":[-0.89810729,-0.43977648,0,0.43977648,-0.89810729,0,0,0,1],"scale":1.51198018,"type":"Juniper_tree_04"},
{"pos":[-202.992447,-286.620819,41.027092],"rotationMatrix":[0.225363761,0.974274695,0,-0.974274695,0.225363761,0,0,0,1],"scale":1.28966022,"type":"Juniper_tree_04"},
{"pos":[-196.142639,-300.37439,40.401947],"rotationMatrix":[0.887188137,-0.46140787,0,0.46140787,0.887188137,0,0,0,1],"scale":1.75629115,"type":"Juniper_tree_04"},
{"pos":[-174.999786,-312.91745,41.3499832],"rotationMatrix":[0.834654391,0.550774038,0,-0.550774038,0.834654391,0,0,0,1],"scale":1.40838766,"type":"Juniper_tree_04"},
{"pos":[-225.522278,-308.652771,38.9294357],"rotationMatrix":[0.400181144,-0.916436076,0,0.916436076,0.400181144,0,0,0,1],"scale":1.49577403,"type":"Juniper_tree_04"},
{"pos":[-204.82518,-319.735809,40.4413948],"rotationMatrix":[-0.705738425,0.70847249,0,-0.70847249,-0.705738425,0,0,0,1],"scale":1.35892391,"type":"Juniper_tree_04"},
{"pos":[-189.165848,-322.373047,41.0542755],"rotationMatrix":[-0.933046103,0.359756827,0,-0.359756827,-0.933046103,0,0,0,1],"scale":1.55752325,"type":"Juniper_tree_04"},
{"pos":[-234.358749,-299.663239,38.3320084],"rotationMatrix":[-0.160752878,-0.986994684,0,0.986994684,-0.160752878,0,0,0,1],"scale":1.60451531,"type":"Juniper_tree_04"},
{"pos":[-253.295837,-320.993835,35.1499405],"rotationMatrix":[-0.647505581,0.762060702,0,-0.762060702,-0.647505581,0,0,0,1],"scale":1.26073956,"type":"Juniper_tree_04"},
{"pos":[-277.075989,-325.228668,34.9870987],"rotationMatrix":[-0.906685352,0.421807587,0,-0.421807587,-0.906685352,0,0,0,1],"scale":1.46689177,"type":"Juniper_tree_04"},
{"pos":[-272.812744,-330.831146,34.5085983],"rotationMatrix":[0.244192958,-0.969726682,0,0.969726682,0.244192958,0,0,0,1],"scale":1.74953103,"type":"Juniper_tree_04"},
{"pos":[-240.827103,-339.874725,35.5260658],"rotationMatrix":[0.940589011,-0.339547157,0,0.339547157,0.940589011,0,0,0,1],"scale":1.06950414,"type":"Juniper_tree_04"},
{"pos":[-260.84491,-350.918243,32.4801178],"rotationMatrix":[0.151004255,-0.988533139,0,0.988533139,0.151004255,0,0,0,1],"scale":1.16129065,"type":"Juniper_tree_04"},
{"pos":[-270.184784,-345.251831,33.2250786],"rotationMatrix":[-0.824118733,-0.566417098,0,0.566417098,-0.824118733,0,0,0,1],"scale":1.76548195,"type":"Juniper_tree_04"},
{"pos":[-261.692749,-341.363525,33.4238892],"rotationMatrix":[0.782923043,-0.622118592,0,0.622118592,0.782923043,0,0,0,1],"scale":1.33667171,"type":"Juniper_tree_04"},
{"pos":[-280.10318,-302.28476,36.4582901],"rotationMatrix":[0.833505511,-0.552511096,0,0.552511096,0.833505511,0,0,0,1],"scale":1.28158545,"type":"Juniper_tree_04"},
{"pos":[-280.848328,-309.460052,36.1355057],"rotationMatrix":[0.983851194,0.178988412,0,-0.178988412,0.983851194,0,0,0,1],"scale":1.2611599,"type":"Juniper_tree_04"},
{"pos":[-293.094147,-283.51004,37.2952271],"rotationMatrix":[-0.318570137,0.947899282,0,-0.947899282,-0.318570137,0,0,0,1],"scale":1.25886488,"type":"Juniper_tree_04"},
{"pos":[-299.426514,-326.832001,35.3900871],"rotationMatrix":[-0.978187799,-0.20772247,0,0.20772247,-0.978187799,0,0,0,1],"scale":1.76771355,"type":"Juniper_tree_04"},
{"pos":[-307.538055,-345.578857,33.1015968],"rotationMatrix":[0.467772543,-0.883848906,0,0.883848906,0.467772543,0,0,0,1],"scale":1.02752423,"type":"Juniper_tree_04"},
{"pos":[-319.598022,-337.888519,33.5842743],"rotationMatrix":[0.952759147,-0.303726941,0,0.303726941,0.952759147,0,0,0,1],"scale":1.32778215,"type":"Juniper_tree_04"},
{"pos":[-334.230103,-327.337769,34.0509758],"rotationMatrix":[-0.630871415,0.77588737,0,-0.77588737,-0.630871415,0,0,0,1],"scale":1.19132316,"type":"Juniper_tree_04"},
{"pos":[-298.194641,-267.404663,37.8995972],"rotationMatrix":[0.559060454,0.829126894,0,-0.829126894,0.559060454,0,0,0,1],"scale":1.23305774,"type":"Juniper_tree_04"},
{"pos":[-287.526794,-217.611221,40.7299423],"rotationMatrix":[-0.654266417,-0.75626415,0,0.75626415,-0.654266417,0,0,0,1],"scale":1.46985197,"type":"Juniper_tree_04"},
{"pos":[-286.383148,-220.971451,40.5321884],"rotationMatrix":[-0.329776227,-0.944059134,0,0.944059134,-0.329776227,0,0,0,1],"scale":1.21648109,"type":"Juniper_tree_04"},
{"pos":[-286.503082,-235.028809,39.7314186],"rotationMatrix":[-0.306694776,-0.951807916,0,0.951807916,-0.306694776,0,0,0,1],"scale":1.48999405,"type":"Juniper_tree_04"},
{"pos":[-291.1745,-238.12677,39.6631165],"rotationMatrix":[-0.965487063,0.260451049,0,-0.260451049,-0.965487063,0,0,0,1],"scale":1.03825378,"type":"Juniper_tree_04"},
{"pos":[-278.896454,-253.479172,38.2351227],"rotationMatrix":[-0.230074152,0.973173082,0,-0.973173082,-0.230074152,0,0,0,1],"scale":1.68247175,"type":"Juniper_tree_04"},
{"pos":[-274.277252,-240.135132,39.5400009],"rotationMatrix":[-0.810336947,-0.585964203,0,0.585964203,-0.810336947,0,0,0,1],"scale":1.75326109,"type":"Juniper_tree_04"},
{"pos":[-233.099548,-203.087234,50.9413757],"rotationMatrix":[-0.0438605919,-0.999037683,0,0.999037683,-0.0438605919,0,0,0,1],"scale":1.01250076,"type":"Juniper_tree_04"},
{"pos":[-246.537445,-219.121399,46.1851921],"rotationMatrix":[0.990864813,-0.134858906,0,0.134858906,0.990864813,0,0,0,1],"scale":1.482723,"type":"Juniper_tree_04"},
{"pos":[-253.13916,-222.890137,44.1412582],"rotationMatrix":[0.991189003,0.132455304,0,-0.132455304,0.991189003,0,0,0,1],"scale":1.43736839,"type":"Juniper_tree_04"},
{"pos":[-275.918365,-185.400162,43.3302612],"rotationMatrix":[0.480910838,0.876769483,0,-0.876769483,0.480910838,0,0,0,1],"scale":1.50007939,"type":"Juniper_tree_04"},
{"pos":[-266.690918,-182.770203,45.0783195],"rotationMatrix":[0.979356587,-0.202140331,0,0.202140331,0.979356587,0,0,0,1],"scale":1.64373803,"type":"Juniper_tree_04"},
{"pos":[-248.510056,-181.644363,49.1437454],"rotationMatrix":[0.911859453,-0.410502493,0,0.410502493,0.911859453,0,0,0,1],"scale":1.71675014,"type":"Juniper_tree_04"},
{"pos":[-246.458176,-188.72464,50.5069427],"rotationMatrix":[-0.99678576,-0.0801134482,0,0.0801134482,-0.99678576,0,0,0,1],"scale":1.46667886,"type":"Juniper_tree_04"},
{"pos":[-242.935928,-160.621384,48.1144104],"rotationMatrix":[-0.388167053,-0.921589017,0,0.921589017,-0.388167053,0,0,0,1],"scale":1.47157383,"type":"Juniper_tree_04"},
{"pos":[-241.086395,-158.147614,48.2753143],"rotationMatrix":[0.452156067,-0.891938865,0,0.891938865,0.452156067,0,0,0,1],"scale":1.28839183,"type":"Juniper_tree_04"},
{"pos":[-244.440613,-147.55983,46.3491402],"rotationMatrix":[-0.442857414,0.896592081,0,-0.896592081,-0.442857414,0,0,0,1],"scale":1.73191845,"type":"Juniper_tree_04"},
{"pos":[-254.144775,-149.34877,45.9781036],"rotationMatrix":[0.0620114952,0.998075426,0,-0.998075426,0.0620114952,0,0,0,1],"scale":1.23316658,"type":"Juniper_tree_04"},
{"pos":[-259.703644,-133.957718,44.0065727],"rotationMatrix":[0.463001519,0.886357486,0,-0.886357486,0.463001519,0,0,0,1],"scale":1.75662374,"type":"Juniper_tree_04"},
{"pos":[-264.997528,-125.170631,43.7910385],"rotationMatrix":[-0.530433595,-0.847726464,0,0.847726464,-0.530433595,0,0,0,1],"scale":1.06225967,"type":"Juniper_tree_04"},
{"pos":[-238.389236,-238.512192,43.48246],"rotationMatrix":[-0.700887918,0.713271439,0,-0.713271439,-0.700887918,0,0,0,1],"scale":1.41829896,"type":"Juniper_tree_04"},
{"pos":[-237.349594,-230.90155,45.1330719],"rotationMatrix":[0.882048547,0.471158504,0,-0.471158504,0.882048547,0,0,0,1],"scale":1.14922738,"type":"Juniper_tree_04"},
{"pos":[-228.071487,-219.361725,49.4279175],"rotationMatrix":[0.995563209,-0.0940953195,0,0.0940953195,0.995563209,0,0,0,1],"scale":1.41554141,"type":"Juniper_tree_04"},
{"pos":[-224.883682,-211.768555,50.8231659],"rotationMatrix":[0.978662729,0.205473155,0,-0.205473155,0.978662729,0,0,0,1],"scale":1.78698444,"type":"Juniper_tree_04"},
{"pos":[-222.790878,-205.950699,52.083725],"rotationMatrix":[0.959877431,0.280419856,0,-0.280419856,0.959877431,0,0,0,1],"scale":1.29413009,"type":"Juniper_tree_04"},
{"pos":[-208.649078,-203.036484,56.0025101],"rotationMatrix":[-0.997256458,0.0740239918,0,-0.0740239918,-0.997256458,0,0,0,1],"scale":1.19658041,"type":"Juniper_tree_04"},
{"pos":[-171.645599,-292.720886,44.2313805],"rotationMatrix":[-0.727794588,-0.685795188,0,0.685795188,-0.727794588,0,0,0,1],"scale":1.50409865,"type":"Juniper_tree_04"},
{"pos":[-178.875046,-294.368042,42.9217606],"rotationMatrix":[-0.992885828,0.119070448,0,-0.119070448,-0.992885828,0,0,0,1],"scale":1.15363383,"type":"Juniper_tree_04"},
{"pos":[-247.46788,-262.262634,38.3785629],"rotationMatrix":[0.242163524,-0.970235467,0,0.970235467,0.242163524,0,0,0,1],"scale":1.57402241,"type":"Juniper_tree_04"},
{"pos":[-179.074524,-268.61911,47.589489],"rotationMatrix":[-0.88618952,0.463322967,0,-0.463322967,-0.88618952,0,0,0,1],"scale":1.0706327,"type":"Juniper_tree_04"},
{"pos":[-130.588364,-310.552704,46.189888],"rotationMatrix":[0.79431653,-0.60750407,0,0.60750407,0.79431653,0,0,0,1],"scale":1.07685995,"type":"Juniper_tree_04"},
{"pos":[-121.286888,-295.965302,51.4902039],"rotationMatrix":[0.792686701,0.609629214,0,-0.609629214,0.792686701,0,0,0,1],"scale":1.76869869,"type":"Juniper_tree_04"},
{"pos":[-131.223129,-296.579559,50.9086494],"rotationMatrix":[0.478254259,0.878221393,0,-0.878221393,0.478254259,0,0,0,1],"scale":1.16484451,"type":"Juniper_tree_04"},
{"pos":[-100.965469,-312.679779,48.0487175],"rotationMatrix":[-0.919566453,-0.392934561,0,0.392934561,-0.919566453,0,0,0,1],"scale":1.00506341,"type":"Juniper_tree_04"},
{"pos":[-107.995705,-329.839844,43.7687836],"rotationMatrix":[-0.781339407,-0.624106348,0,0.624106348,-0.781339407,0,0,0,1],"scale":1.42253852,"type":"Juniper_tree_04"},
{"pos":[-128.708267,-308.048645,47.2459488],"rotationMatrix":[0.381755233,-0.924263477,0,0.924263477,0.381755233,0,0,0,1],"scale":1.14300478,"type":"Juniper_tree_04"},
{"pos":[-123.866631,-312.069427,46.470974],"rotationMatrix":[0.556848824,-0.830613852,0,0.830613852,0.556848824,0,0,0,1],"scale":1.59939075,"type":"Juniper_tree_04"},
{"pos":[117.137909,-328.0849,38.7991219],"rotationMatrix":[-0.940139055,-0.340791076,0,0.340791076,-0.940139055,0,0,0,1],"scale":1.21854007,"type":"Juniper_tree_04"},
{"pos":[106.894547,-356.222992,33.8661995],"rotationMatrix":[-0.749623835,-0.661864102,0,0.661864102,-0.749623835,0,0,0,1],"scale":1.54085112,"type":"Juniper_tree_04"},
{"pos":[100.778214,-343.547974,36.1696548],"rotationMatrix":[0.971982121,0.235054806,0,-0.235054806,0.971982121,0,0,0,1],"scale":1.59498382,"type":"Juniper_tree_04"},
{"pos":[107.726997,-330.651367,37.8854218],"rotationMatrix":[0.486569017,0.873642147,0,-0.873642147,0.486569017,0,0,0,1],"scale":1.33277655,"type":"Juniper_tree_04"},
{"pos":[122.825348,-354.573486,33.8139191],"rotationMatrix":[0.673916161,0.738807797,0,-0.738807797,0.673916161,0,0,0,1],"scale":1.22384572,"type":"Juniper_tree_04"},
{"pos":[122.341461,-345.265411,35.6296463],"rotationMatrix":[-0.431291044,-0.902212858,0,0.902212858,-0.431291044,0,0,0,1],"scale":1.11312199,"type":"Juniper_tree_04"},
{"pos":[93.1452332,-347.898468,35.6254501],"rotationMatrix":[-0.0808867589,-0.996723294,0,0.996723294,-0.0808867589,0,0,0,1],"scale":1.65670335,"type":"Juniper_tree_04"},
{"pos":[107.32235,-353.085205,34.5335197],"rotationMatrix":[0.94659251,-0.322432429,0,0.322432429,0.94659251,0,0,0,1],"scale":1.70888495,"type":"Juniper_tree_04"},
{"pos":[50.0667114,-348.47879,38.498909],"rotationMatrix":[0.46573475,-0.884924352,0,0.884924352,0.46573475,0,0,0,1],"scale":1.41628432,"type":"Juniper_tree_04"},
{"pos":[27.965271,-318.448639,49.0174866],"rotationMatrix":[0.3608962,-0.932605982,0,0.932605982,0.3608962,0,0,0,1],"scale":1.23305857,"type":"Juniper_tree_04"},
{"pos":[22.9108391,-315.139465,51.703228],"rotationMatrix":[0.0516966246,0.998662829,0,-0.998662829,0.0516966246,0,0,0,1],"scale":1.58968365,"type":"Juniper_tree_04"},
{"pos":[32.0317154,-295.11145,57.7544556],"rotationMatrix":[0.0582598709,0.998301446,0,-0.998301446,0.0582598709,0,0,0,1],"scale":1.4373517,"type":"Juniper_tree_04"},
{"pos":[56.2851295,-315.871002,43.8712082],"rotationMatrix":[-0.177040845,0.984203517,0,-0.984203517,-0.177040845,0,0,0,1],"scale":1.30169177,"type":"Juniper_tree_04"},
{"pos":[37.1104431,-269.921875,59.2688026],"rotationMatrix":[0.97357744,-0.228357226,0,0.228357226,0.97357744,0,0,0,1],"scale":1.43360066,"type":"Juniper_tree_04"},
{"pos":[79.2289658,-304.995667,42.1489334],"rotationMatrix":[0.82980299,-0.558056414,0,0.558056414,0.82980299,0,0,0,1],"scale":1.44439006,"type":"Juniper_tree_04"},
{"pos":[81.0235291,-287.871796,45.7845764],"rotationMatrix":[-0.388801306,-0.92132163,0,0.92132163,-0.388801306,0,0,0,1],"scale":1.77930021,"type":"Juniper_tree_04"},
{"pos":[97.4888153,-290.472931,43.0049896],"rotationMatrix":[0.585610688,0.810592473,0,-0.810592473,0.585610688,0,0,0,1],"scale":1.42461395,"type":"Juniper_tree_04"},
{"pos":[103.846352,-280.940186,44.1916466],"rotationMatrix":[0.189640418,0.981853604,0,-0.981853604,0.189640418,0,0,0,1],"scale":1.39436793,"type":"Juniper_tree_04"},
{"pos":[128.053864,-311.337646,40.0062332],"rotationMatrix":[0.115650691,0.993289948,0,-0.993289948,0.115650691,0,0,0,1],"scale":1.55874848,"type":"Juniper_tree_04"},
{"pos":[138.154083,-218.286697,44.086628],"rotationMatrix":[0.374960452,0.927040815,0,-0.927040815,0.374960452,0,0,0,1],"scale":1.13613284,"type":"Juniper_tree_04"},
{"pos":[128.313568,-213.831436,45.5896835],"rotationMatrix":[-0.839646161,0.543133855,0,-0.543133855,-0.839646161,0,0,0,1],"scale":1.67202592,"type":"Juniper_tree_04"},
{"pos":[132.423065,-224.495178,44.6949883],"rotationMatrix":[0.992976427,0.118312411,0,-0.118312411,0.992976427,0,0,0,1],"scale":1.22932744,"type":"Juniper_tree_04"},
{"pos":[147.430496,-225.026886,42.8959808],"rotationMatrix":[0.778014123,-0.628246784,0,0.628246784,0.778014123,0,0,0,1],"scale":1.19530845,"type":"Juniper_tree_04"},
{"pos":[163.595932,-217.860382,43.1986313],"rotationMatrix":[0.147424296,-0.989073336,0,0.989073336,0.147424296,0,0,0,1],"scale":1.06355476,"type":"Juniper_tree_04"},
{"pos":[164.92395,-252.635986,41.3164024],"rotationMatrix":[0.704698563,0.709506869,0,-0.709506869,0.704698563,0,0,0,1],"scale":1.04163468,"type":"Juniper_tree_04"},
{"pos":[175.103806,-248.933624,40.6001358],"rotationMatrix":[0.578685105,0.815551043,0,-0.815551043,0.578685105,0,0,0,1],"scale":1.19224656,"type":"Juniper_tree_04"},
{"pos":[209.259705,-263.271332,39.5667267],"rotationMatrix":[-0.0499912538,0.998749673,0,-0.998749673,-0.0499912538,0,0,0,1],"scale":1.1849587,"type":"Juniper_tree_04"},
{"pos":[216.456604,-246.809937,41.8209152],"rotationMatrix":[0.995077491,0.0991000906,0,-0.0991000906,0.995077491,0,0,0,1],"scale":1.15696883,"type":"Juniper_tree_04"},
{"pos":[213.494766,-244.638428,41.7268944],"rotationMatrix":[0.885996103,0.463692665,0,-0.463692665,0.885996103,0,0,0,1],"scale":1.34675872,"type":"Juniper_tree_04"},
{"pos":[235.451797,-288.191315,37.2802734],"rotationMatrix":[0.637288034,-0.77062571,0,0.77062571,0.637288034,0,0,0,1],"scale":1.00808024,"type":"Juniper_tree_04"},
{"pos":[228.945663,-287.75943,37.4679565],"rotationMatrix":[-0.187618673,-0.982241929,0,0.982241929,-0.187618673,0,0,0,1],"scale":1.0018779,"type":"Juniper_tree_04"},
{"pos":[260.757782,-295.293457,36.0136871],"rotationMatrix":[-0.850368619,-0.526187479,0,0.526187479,-0.850368619,0,0,0,1],"scale":1.28205943,"type":"Juniper_tree_04"},
{"pos":[84.0399933,-353.93338,34.4848099],"rotationMatrix":[-0.998976052,0.0452419706,0,-0.0452419706,-0.998976052,0,0,0,1],"scale":1.78967953,"type":"Juniper_tree_04"},
{"pos":[65.3156281,-371.147491,30.8118858],"rotationMatrix":[-0.684199572,-0.729294777,0,0.729294777,-0.684199572,0,0,0,1],"scale":1.24884152,"type":"Juniper_tree_04"},
{"pos":[22.4131374,-374.005035,38.1971626],"rotationMatrix":[-0.27829209,-0.960496485,0,0.960496485,-0.27829209,0,0,0,1],"scale":1.47995591,"type":"Juniper_tree_04"},
{"pos":[8.71515083,-374.260101,45.6332817],"rotationMatrix":[-0.587247133,-0.809407711,0,0.809407711,-0.587247133,0,0,0,1],"scale":1.65501213,"type":"Juniper_tree_04"},
{"pos":[32.6625786,-326.342834,45.4702682],"rotationMatrix":[0.688329518,-0.725398183,0,0.725398183,0.688329518,0,0,0,1],"scale":1.37786198,"type":"Juniper_tree_04"},
{"pos":[36.568264,-302.355713,52.1781082],"rotationMatrix":[0.287546486,0.957766712,0,-0.957766712,0.287546486,0,0,0,1],"scale":1.1689043,"type":"Juniper_tree_04"},
{"pos":[42.2074242,-310.932251,47.8131218],"rotationMatrix":[0.372829705,0.927899778,0,-0.927899778,0.372829705,0,0,0,1],"scale":1.46159291,"type":"Juniper_tree_04"},
{"pos":[51.7365341,-279.834534,53.4768333],"rotationMatrix":[-0.505840421,0.862627089,0,-0.862627089,-0.505840421,0,0,0,1],"scale":1.54857945,"type":"Juniper_tree_04"},
{"pos":[41.9892464,-273.805786,56.8618317],"rotationMatrix":[-0.79865998,-0.601782501,0,0.601782501,-0.79865998,0,0,0,1],"scale":1.32215786,"type":"Juniper_tree_04"},
{"pos":[108.544312,-290.400696,42.3095284],"rotationMatrix":[0.476831496,0.878994703,0,-0.878994703,0.476831496,0,0,0,1],"scale":1.1686734,"type":"Juniper_tree_04"},
{"pos":[112.673477,-278.10791,44.2591858],"rotationMatrix":[-0.0822943226,-0.996608078,0,0.996608078,-0.0822943226,0,0,0,1],"scale":1.00082552,"type":"Juniper_tree_04"},
{"pos":[44.9923553,-110.635704,47.8971519],"rotationMatrix":[0.821246922,0.570572913,0,-0.570572913,0.821246922,0,0,0,1],"scale":1.54684198,"type":"Juniper_tree_04"},
{"pos":[35.8734665,-86.1601028,43.1750031],"rotationMatrix":[0.995876491,-0.0907194912,0,0.0907194912,0.995876491,0,0,0,1],"scale":1.16110849,"type":"Juniper_tree_04"},
{"pos":[59.9642601,-93.9746323,45.606411],"rotationMatrix":[0.746313691,-0.665594399,0,0.665594399,0.746313691,0,0,0,1],"scale":1.35225439,"type":"Juniper_tree_04"},
{"pos":[54.0194244,-62.5747681,35.7278824],"rotationMatrix":[0.725347936,-0.688382447,0,0.688382447,0.725347936,0,0,0,1],"scale":1.60131967,"type":"Juniper_tree_04"},
{"pos":[50.1794624,-64.7559357,36.3496971],"rotationMatrix":[0.445108294,-0.895476758,0,0.895476758,0.445108294,0,0,0,1],"scale":1.1836617,"type":"Juniper_tree_04"},
{"pos":[61.5705223,-65.3854599,36.4393044],"rotationMatrix":[-0.258690476,0.965960264,0,-0.965960264,-0.258690476,0,0,0,1],"scale":1.53038239,"type":"Juniper_tree_04"},
