[{"pos":[46.7048912,78.2407532,37.4753036],"rotationMatrix":[-0.256487638,0.966547489,0,-0.966547489,-0.256487638,0,0,0,1],"scale":1.12772632,"type":"Juniper_tree_03"},
{"pos":[47.3957787,86.7292252,37.7273636],"rotationMatrix":[0.222352803,-0.974966288,0,0.974966288,0.222352803,0,0,0,1],"scale":1.37349188,"type":"Juniper_tree_03"},
{"pos":[-4.21234655,117.403465,42.0993729],"rotationMatrix":[0.986121237,0.166026995,0,-0.166026995,0.986121237,0,0,0,1],"scale":1.3526119,"type":"Juniper_tree_03"},
{"pos":[-21.2197037,119.479622,43.1686516],"rotationMatrix":[0.827215374,-0.561884999,0,0.561884999,0.827215374,0,0,0,1],"scale":1.01483262,"type":"Juniper_tree_03"},
{"pos":[-57.3416367,2.88822222,37.1515694],"rotationMatrix":[-0.982911408,-0.18407926,0,0.18407926,-0.982911408,0,0,0,1],"scale":1.40857601,"type":"Juniper_tree_03"},
{"pos":[-58.5456619,0.530847549,37.0775566],"rotationMatrix":[-0.749779284,-0.66168803,0,0.66168803,-0.749779284,0,0,0,1],"scale":1.13479376,"type":"Juniper_tree_03"},
{"pos":[-58.9055939,-5.13909674,36.9311829],"rotationMatrix":[-0.646179318,0.76318562,0,-0.76318562,-0.646179318,0,0,0,1],"scale":1.33636165,"type":"Juniper_tree_03"},
{"pos":[-100.200638,25.1440926,38.0685081],"rotationMatrix":[0.993658721,0.112438172,0,-0.112438172,0.993658721,0,0,0,1],"scale":1.23176455,"type":"Juniper_tree_03"},
{"pos":[-113.789078,17.8341179,36.9806633],"rotationMatrix":[-0.173661917,-0.984805346,0,0.984805346,-0.173661917,0,0,0,1],"scale":1.01805699,"type":"Juniper_tree_03"},
{"pos":[-60.8384132,-332.59671,46.2133598],"rotationMatrix":[0.9627285,-0.270469576,0,0.270469576,0.9627285,0,0,0,1],"scale":1.22159421,"type":"Juniper_tree_03"},
{"pos":[-47.1459122,-406.659851,36.0833549],"rotationMatrix":[-0.956034899,-0.269895554,-0.114678808,0.247530505,-0.952405751,0.177909166,-0.157237798,0.141700909,0.977341652],"scale":1.03951287,"type":"Juniper_tree_03"},
{"pos":[-35.2861404,-321.866028,61.9158936],"rotationMatrix":[0.180122569,-0.983644187,0,0.983644187,0.180122569,0,0,0,1],"scale":1.18917346,"type":"Juniper_tree_03"},
{"pos":[-407.041351,-136.649628,32.9116173],"rotationMatrix":[-0.294809252,-0.955556095,0,0.955556095,-0.294809252,0,0,0,1],"scale":1.05225182,"type":"Juniper_tree_03"},
{"pos":[-393.861328,-122.019531,34.3166389],"rotationMatrix":[-0.998962402,-0.0455428436,0,0.0455428436,-0.998962402,0,0,0,1],"scale":1.14463258,"type":"Juniper_tree_03"},
{"pos":[-386.309021,-98.2134323,34.7995453],"rotationMatrix":[0.780912459,-0.624640465,0,0.624640465,0.780912459,0,0,0,1],"scale":1.45449507,"type":"Juniper_tree_03"},
{"pos":[-391.44101,-96.7335434,33.6572304],"rotationMatrix":[0.389412671,-0.921063364,0,0.921063364,0.389412671,0,0,0,1],"scale":1.02983737,"type":"Juniper_tree_03"},
{"pos":[-386.621826,-81.7101669,32.6129837],"rotationMatrix":[-0.36243856,-0.93200767,0,0.93200767,-0.36243856,0,0,0,1],"scale":1.35055542,"type":"Juniper_tree_03"},
{"pos":[-388.069031,-67.3179626,33.2863579],"rotationMatrix":[-0.938230693,-0.346010417,0,0.346010417,-0.938230693,0,0,0,1],"scale":1.44297206,"type":"Juniper_tree_03"},
{"pos":[-381.522675,-61.5796013,34.1257744],"rotationMatrix":[0.464700609,-0.885467887,0,0.885467887,0.464700609,0,0,0,1],"scale":1.40421069,"type":"Juniper_tree_03"},
{"pos":[-378.986847,-40.4541702,32.7609901],"rotationMatrix":[0.857397139,-0.514655352,0,0.514655352,0.857397139,0,0,0,1],"scale":1.10871267,"type":"Juniper_tree_03"},
{"pos":[-380.374084,-51.0372162,33.9319344],"rotationMatrix":[-0.537663162,-0.843159735,0,0.843159735,-0.537663162,0,0,0,1],"scale":1.46003997,"type":"Juniper_tree_03"},
{"pos":[-372.343475,-27.7003841,32.8162537],"rotationMatrix":[0.537709892,0.843129933,0,-0.843129933,0.537709892,0,0,0,1],"scale":1.48355269,"type":"Juniper_tree_03"},
{"pos":[-375.762665,-26.6681976,32.2688484],"rotationMatrix":[-0.828690052,0.559707403,0,-0.559707403,-0.828690052,0,0,0,1],"scale":1.40392184,"type":"Juniper_tree_03"},
{"pos":[-393.101959,-13.340744,30.4620781],"rotationMatrix":[-0.751498401,0.659734905,0,-0.659734905,-0.751498401,0,0,0,1],"scale":1.46609485,"type":"Juniper_tree_03"},
{"pos":[-399.771912,-35.1925087,29.2120838],"rotationMatrix":[0.14209716,-0.989852726,0,0.989852726,0.14209716,0,0,0,1],"scale":1.49355602,"type":"Juniper_tree_03"},
{"pos":[-402.303223,-53.7901382,29.0728149],"rotationMatrix":[0.815367401,-0.578943908,0,0.578943908,0.815367401,0,0,0,1],"scale":1.08161688,"type":"Juniper_tree_03"},
{"pos":[-399.561615,-47.234314,29.1563358],"rotationMatrix":[-0.121485278,0.992593229,0,-0.992593229,-0.121485278,0,0,0,1],"scale":1.44512379,"type":"Juniper_tree_03"},
{"pos":[-380.481201,-189.167892,39.4524918],"rotationMatrix":[0.784906924,0.619613647,0,-0.619613647,0.784906924,0,0,0,1],"scale":1.47069371,"type":"Juniper_tree_03"},
{"pos":[-386.746094,-169.328491,38.6502075],"rotationMatrix":[0.660358727,0.750950336,0,-0.750950336,0.660358727,0,0,0,1],"scale":1.10994911,"type":"Juniper_tree_03"},
{"pos":[-373.320404,-177.773697,40.3233566],"rotationMatrix":[-0.931964397,-0.362549752,0,0.362549752,-0.931964397,0,0,0,1],"scale":1.36138439,"type":"Juniper_tree_03"},
{"pos":[-382.211731,-173.047791,39.2537842],"rotationMatrix":[-0.958163679,-0.286220759,0,0.286220759,-0.958163679,0,0,0,1],"scale":1.06576812,"type":"Juniper_tree_03"},
{"pos":[-338.956116,-159.609207,43.3041077],"rotationMatrix":[-0.276671112,0.96096468,0,-0.96096468,-0.276671112,0,0,0,1],"scale":1.05043089,"type":"Juniper_tree_03"},
{"pos":[-335.895874,-192.650497,42.1366234],"rotationMatrix":[-0.98009038,0.198551923,0,-0.198551923,-0.98009038,0,0,0,1],"scale":1.06377757,"type":"Juniper_tree_03"},
{"pos":[-328.631348,-174.978683,43.4301987],"rotationMatrix":[0.871792376,0.489875525,0,-0.489875525,0.871792376,0,0,0,1],"scale":1.14518762,"type":"Juniper_tree_03"},
{"pos":[-334.489258,-175.052689,43.055809],"rotationMatrix":[-0.719261289,0.694739699,0,-0.694739699,-0.719261289,0,0,0,1],"scale":1.19022369,"type":"Juniper_tree_03"},
{"pos":[-335.765533,-163.636612,43.8720589],"rotationMatrix":[0.440134168,0.897931993,0,-0.897931993,0.440134168,0,0,0,1],"scale":1.39194942,"type":"Juniper_tree_03"},
{"pos":[-348.99173,-207.00972,40.6231804],"rotationMatrix":[0.777050376,0.6294384,0,-0.6294384,0.777050376,0,0,0,1],"scale":1.40162778,"type":"Juniper_tree_03"},
{"pos":[-344.771362,-191.173279,41.4012108],"rotationMatrix":[-0.998008311,-0.0630821809,0,0.0630821809,-0.998008311,0,0,0,1],"scale":1.24594891,"type":"Juniper_tree_03"},
{"pos":[-336.493866,-203.211304,41.1805191],"rotationMatrix":[0.0744682923,0.997223377,0,-0.997223377,0.0744682923,0,0,0,1],"scale":1.47973597,"type":"Juniper_tree_03"},
{"pos":[-341.187866,-210.887466,40.8942146],"rotationMatrix":[-0.692948639,-0.720986962,0,0.720986962,-0.692948639,0,0,0,1],"scale":1.3889848,"type":"Juniper_tree_03"},
{"pos":[-331.816833,-152.455185,44.3539391],"rotationMatrix":[-0.481194168,-0.876614034,0,0.876614034,-0.481194168,0,0,0,1],"scale":1.32834339,"type":"Juniper_tree_03"},
{"pos":[-320.870453,-164.492188,44.2957535],"rotationMatrix":[0.924598515,0.38094306,0,-0.38094306,0.924598515,0,0,0,1],"scale":1.30017173,"type":"Juniper_tree_03"},
{"pos":[-332.459167,-161.676392,44.3589249],"rotationMatrix":[0.379766136,-0.925082505,0,0.925082505,0.379766136,0,0,0,1],"scale":1.27097702,"type":"Juniper_tree_03"},
{"pos":[-317.001617,-145.073608,45.3017159],"rotationMatrix":[0.247924626,0.968779325,0,-0.968779325,0.247924626,0,0,0,1],"scale":1.30603552,"type":"Juniper_tree_03"},
{"pos":[-337.890961,-135.282257,42.975563],"rotationMatrix":[-0.545994401,-0.83778882,0,0.83778882,-0.545994401,0,0,0,1],"scale":1.36886966,"type":"Juniper_tree_03"},
{"pos":[-348.606964,-130.246124,42.1082115],"rotationMatrix":[0.0486944318,0.998813748,0,-0.998813748,0.0486944318,0,0,0,1],"scale":1.09015143,"type":"Juniper_tree_03"},
{"pos":[-299.446838,-47.3740082,37.4432411],"rotationMatrix":[0.730057597,-0.683385611,0,0.683385611,0.730057597,0,0,0,1],"scale":1.09202075,"type":"Juniper_tree_03"},
{"pos":[-309.007477,-48.0369415,38.4094582],"rotationMatrix":[-0.766229987,-0.642566442,0,0.642566442,-0.766229987,0,0,0,1],"scale":1.14959764,"type":"Juniper_tree_03"},
{"pos":[-303.446442,-53.8999825,37.9885941],"rotationMatrix":[-0.747461617,-0.664304972,0,0.664304972,-0.747461617,0,0,0,1],"scale":1.10344195,"type":"Juniper_tree_03"},
{"pos":[-301.10083,-74.8264236,40.285408],"rotationMatrix":[-0.230365738,-0.973104119,0,0.973104119,-0.230365738,0,0,0,1],"scale":1.42090607,"type":"Juniper_tree_03"},
{"pos":[-287.699982,-64.9383774,38.110611],"rotationMatrix":[0.416818649,0.908989668,0,-0.908989668,0.416818649,0,0,0,1],"scale":1.083094,"type":"Juniper_tree_03"},
{"pos":[-307.911774,-43.4575195,37.7830887],"rotationMatrix":[-0.15323177,-0.988190293,0,0.988190293,-0.15323177,0,0,0,1],"scale":1.01272094,"type":"Juniper_tree_03"},
{"pos":[-323.594482,-31.0316696,38.0987091],"rotationMatrix":[0.0147914384,0.999890625,0,-0.999890625,0.0147914384,0,0,0,1],"scale":1.23794436,"type":"Juniper_tree_03"},
{"pos":[-325.385193,-40.2782593,38.4603996],"rotationMatrix":[0.760252178,-0.649628103,0,0.649628103,0.760252178,0,0,0,1],"scale":1.09289265,"type":"Juniper_tree_03"},
{"pos":[-321.799103,-32.8683853,37.9542351],"rotationMatrix":[0.0657557696,-0.997835755,0,0.997835755,0.0657557696,0,0,0,1],"scale":1.45032585,"type":"Juniper_tree_03"},
{"pos":[-328.422638,-42.710804,38.2982254],"rotationMatrix":[-0.981690526,-0.190482989,0,0.190482989,-0.981690526,0,0,0,1],"scale":1.36737895,"type":"Juniper_tree_03"},
{"pos":[-306.007843,-32.2092972,37.5240631],"rotationMatrix":[0.0827533379,0.996570051,0,-0.996570051,0.0827533379,0,0,0,1],"scale":1.41475427,"type":"Juniper_tree_03"},
{"pos":[-319.208832,-62.396389,39.9619904],"rotationMatrix":[-0.126428843,0.991975665,0,-0.991975665,-0.126428843,0,0,0,1],"scale":1.13698447,"type":"Juniper_tree_03"},
{"pos":[-310.350494,-39.9287796,37.714325],"rotationMatrix":[0.692576826,0.721344113,0,-0.721344113,0.692576826,0,0,0,1],"scale":1.39052951,"type":"Juniper_tree_03"},
{"pos":[-335.287964,-72.9067307,40.7721329],"rotationMatrix":[0.518796086,0.854898036,0,-0.854898036,0.518796086,0,0,0,1],"scale":1.17647934,"type":"Juniper_tree_03"},
{"pos":[-327.805908,-76.0822067,40.4041977],"rotationMatrix":[0.887788057,-0.460252553,0,0.460252553,0.887788057,0,0,0,1],"scale":1.28199005,"type":"Juniper_tree_03"},
{"pos":[-345.009949,-88.5193329,40.3036995],"rotationMatrix":[-0.922530234,-0.385924816,0,0.385924816,-0.922530234,0,0,0,1],"scale":1.10286379,"type":"Juniper_tree_03"},
{"pos":[-316.242798,-79.0621872,40.5513725],"rotationMatrix":[0.31441918,0.949284256,0,-0.949284256,0.31441918,0,0,0,1],"scale":1.35039818,"type":"Juniper_tree_03"},
{"pos":[-343.575836,-69.3558426,39.7936668],"rotationMatrix":[0.840574861,-0.541695416,0,0.541695416,0.840574861,0,0,0,1],"scale":1.24204946,"type":"Juniper_tree_03"},
{"pos":[-340.32666,-76.1325073,40.9353256],"rotationMatrix":[0.636522353,-0.771258235,0,0.771258235,0.636522353,0,0,0,1],"scale":1.29404163,"type":"Juniper_tree_03"},
{"pos":[-335.710205,-92.4652557,41.5016937],"rotationMatrix":[0.491523862,-0.870864093,0,0.870864093,0.491523862,0,0,0,1],"scale":1.30763316,"type":"Juniper_tree_03"},
{"pos":[-342.56427,-88.7954788,40.6399879],"rotationMatrix":[-0.980875075,0.194638222,0,-0.194638222,-0.980875075,0,0,0,1],"scale":1.41779017,"type":"Juniper_tree_03"},
{"pos":[-324.746338,-105.544197,44.0722427],"rotationMatrix":[0.588932574,-0.80818218,0,0.80818218,0.588932574,0,0,0,1],"scale":1.16036773,"type":"Juniper_tree_03"},
{"pos":[-336.053619,-102.474762,42.5215759],"rotationMatrix":[-0.992202044,0.124639809,0,-0.124639809,-0.992202044,0,0,0,1],"scale":1.04940784,"type":"Juniper_tree_03"},
{"pos":[-322.345642,-112.622795,45.0584221],"rotationMatrix":[-0.975208461,-0.22128813,0,0.22128813,-0.975208461,0,0,0,1],"scale":1.25762844,"type":"Juniper_tree_03"},
{"pos":[-353.926758,-112.077919,41.1248131],"rotationMatrix":[-0.802124679,-0.597156644,0,0.597156644,-0.802124679,0,0,0,1],"scale":1.21689165,"type":"Juniper_tree_03"},
{"pos":[-331.550903,-100.531448,42.998661],"rotationMatrix":[0.847150624,-0.531352818,0,0.531352818,0.847150624,0,0,0,1],"scale":1.01838756,"type":"Juniper_tree_03"},
{"pos":[-314.711517,-3.53607941,37.0371437],"rotationMatrix":[0.920099258,-0.391685307,0,0.391685307,0.920099258,0,0,0,1],"scale":1.26379633,"type":"Juniper_tree_03"},
{"pos":[-309.851868,-12.3084326,37.8518257],"rotationMatrix":[0.492605716,0.870252609,0,-0.870252609,0.492605716,0,0,0,1],"scale":1.28336811,"type":"Juniper_tree_03"},
{"pos":[-292.357727,-6.11754894,37.310791],"rotationMatrix":[-0.999994814,0.00322278589,0,-0.00322278589,-0.999994814,0,0,0,1],"scale":1.18380117,"type":"Juniper_tree_03"},
{"pos":[-284.96167,-20.1402321,37.2132187],"rotationMatrix":[-0.847580791,0.530666351,0,-0.530666351,-0.847580791,0,0,0,1],"scale":1.08984888,"type":"Juniper_tree_03"},
{"pos":[-293.815002,-18.5476551,37.3536301],"rotationMatrix":[0.58364892,0.812006116,0,-0.812006116,0.58364892,0,0,0,1],"scale":1.14243221,"type":"Juniper_tree_03"},
{"pos":[-293.56424,-23.251524,37.2272568],"rotationMatrix":[0.764010251,-0.645204127,0,0.645204127,0.764010251,0,0,0,1],"scale":1.3601687,"type":"Juniper_tree_03"},
{"pos":[-323.049744,64.6840668,37.6556396],"rotationMatrix":[-0.214856863,-0.976645529,0,0.976645529,-0.214856863,0,0,0,1],"scale":1.27310228,"type":"Juniper_tree_03"},
{"pos":[-314.672974,73.0886841,37.8157234],"rotationMatrix":[-0.91926688,0.393634856,0,-0.393634856,-0.91926688,0,0,0,1],"scale":1.08366728,"type":"Juniper_tree_03"},
{"pos":[-315.921326,89.2274704,37.3546982],"rotationMatrix":[0.908975184,-0.416850269,0,0.416850269,0.908975184,0,0,0,1],"scale":1.07772815,"type":"Juniper_tree_03"},
{"pos":[-312.870392,90.1587372,37.5485611],"rotationMatrix":[-0.0816793665,-0.996658683,0,0.996658683,-0.0816793665,0,0,0,1],"scale":1.43392706,"type":"Juniper_tree_03"},
{"pos":[-274.353821,46.6335335,38.2270737],"rotationMatrix":[-0.697593212,-0.716494024,0,0.716494024,-0.697593212,0,0,0,1],"scale":1.10650897,"type":"Juniper_tree_03"},
{"pos":[-273.514496,66.0670319,38.7032089],"rotationMatrix":[-0.349986881,-0.936754584,0,0.936754584,-0.349986881,0,0,0,1],"scale":1.24944055,"type":"Juniper_tree_03"},
{"pos":[-276.080139,61.3575211,38.5069351],"rotationMatrix":[0.198459968,-0.980108976,0,0.980108976,0.198459968,0,0,0,1],"scale":1.17316711,"type":"Juniper_tree_03"},
{"pos":[-277.752106,71.044136,38.9437485],"rotationMatrix":[-0.997725666,-0.0674052462,0,0.0674052462,-0.997725666,0,0,0,1],"scale":1.02157617,"type":"Juniper_tree_03"},
{"pos":[-272.842529,62.1837349,38.6856079],"rotationMatrix":[0.108024642,0.994148195,0,-0.994148195,0.108024642,0,0,0,1],"scale":1.16212416,"type":"Juniper_tree_03"},
{"pos":[-308.74054,52.4065437,38.759861],"rotationMatrix":[0.190285951,-0.981728733,0,0.981728733,0.190285951,0,0,0,1],"scale":1.46911323,"type":"Juniper_tree_03"},
{"pos":[-328.710236,88.5404816,36.4225464],"rotationMatrix":[-0.999255538,0.0385799892,0,-0.0385799892,-0.999255538,0,0,0,1],"scale":1.16810143,"type":"Juniper_tree_03"},
{"pos":[-320.588898,86.1413422,37.0512161],"rotationMatrix":[0.920848072,0.389921516,0,-0.389921516,0.920848072,0,0,0,1],"scale":1.13276362,"type":"Juniper_tree_03"},
{"pos":[-111.428711,-262.218323,64.4657745],"rotationMatrix":[0.868145883,-0.496309102,0,0.496309102,0.868145883,0,0,0,1],"scale":1.31438994,"type":"Juniper_tree_03"},
{"pos":[-124.219048,-230.082031,74.1405487],"rotationMatrix":[0.982068241,0.188525841,0,-0.188525841,0.982068241,0,0,0,1],"scale":1.17908001,"type":"Juniper_tree_03"},
{"pos":[-251.220673,-264.167114,38.3777122],"rotationMatrix":[-0.997181296,0.0750296935,0,-0.0750296935,-0.997181296,0,0,0,1],"scale":1.19326353,"type":"Juniper_tree_03"},
{"pos":[-260.797211,-253.35733,38.7511864],"rotationMatrix":[-0.946632266,0.322315663,0,-0.322315663,-0.946632266,0,0,0,1],"scale":1.49362028,"type":"Juniper_tree_03"},
{"pos":[-246.358658,-248.177734,40.9827995],"rotationMatrix":[-0.727634966,-0.685964525,0,0.685964525,-0.727634966,0,0,0,1],"scale":1.15393162,"type":"Juniper_tree_03"},
{"pos":[-244.173828,-246.792007,41.444809],"rotationMatrix":[-0.739465356,-0.673194647,0,0.673194647,-0.739465356,0,0,0,1],"scale":1.48162699,"type":"Juniper_tree_03"},
{"pos":[-231.925858,-268.704376,38.8061676],"rotationMatrix":[0.876400709,-0.481582642,0,0.481582642,0.876400709,0,0,0,1],"scale":1.24913812,"type":"Juniper_tree_03"},
{"pos":[-127.553337,-310.94278,46.4526215],"rotationMatrix":[0.0233247709,0.999727964,0,-0.999727964,0.0233247709,0,0,0,1],"scale":1.33538318,"type":"Juniper_tree_03"},
{"pos":[-118.852127,-293.657013,52.3576965],"rotationMatrix":[0.25222528,-0.967668533,0,0.967668533,0.25222528,0,0,0,1],"scale":1.00433862,"type":"Juniper_tree_03"},
{"pos":[-95.3573151,-316.444702,47.4415817],"rotationMatrix":[-0.650313318,-0.759666145,0,0.759666145,-0.650313318,0,0,0,1],"scale":1.16949201,"type":"Juniper_tree_03"},
{"pos":[-100.546364,-318.735901,46.6209755],"rotationMatrix":[-0.592651248,0.805459201,0,-0.805459201,-0.592651248,0,0,0,1],"scale":1.30392122,"type":"Juniper_tree_03"},
{"pos":[115.659683,-332.674652,38.0805359],"rotationMatrix":[-0.442193747,0.896919549,0,-0.896919549,-0.442193747,0,0,0,1],"scale":1.25047207,"type":"Juniper_tree_03"},
{"pos":[117.518776,-320.80957,39.5184822],"rotationMatrix":[0.440605521,0.897700846,0,-0.897700846,0.440605521,0,0,0,1],"scale":1.00242758,"type":"Juniper_tree_03"},
{"pos":[116.726547,-323.246918,39.3666763],"rotationMatrix":[-0.712183654,0.701993227,0,-0.701993227,-0.712183654,0,0,0,1],"scale":1.11844349,"type":"Juniper_tree_03"},
{"pos":[108.059662,-335.117432,37.4605789],"rotationMatrix":[-0.521389127,-0.853319049,0,0.853319049,-0.521389127,0,0,0,1],"scale":1.10477889,"type":"Juniper_tree_03"},
{"pos":[115.824165,-339.095856,37.0731163],"rotationMatrix":[0.35523048,0.93477875,0,-0.93477875,0.35523048,0,0,0,1],"scale":1.43129718,"type":"Juniper_tree_03"},
{"pos":[124.7911,-327.842834,38.0250015],"rotationMatrix":[-0.163342059,0.986569524,0,-0.986569524,-0.163342059,0,0,0,1],"scale":1.12825751,"type":"Juniper_tree_03"},
{"pos":[109.870544,-351.562378,35.1800728],"rotationMatrix":[-0.300502717,-0.953780949,0,0.953780949,-0.300502717,0,0,0,1],"scale":1.25339007,"type":"Juniper_tree_03"},
{"pos":[40.0722694,-365.082214,37.668457],"rotationMatrix":[0.18979767,-0.981823206,0,0.981823206,0.18979767,0,0,0,1],"scale":1.26920199,"type":"Juniper_tree_03"},
{"pos":[51.0568542,-351.126221,37.4040298],"rotationMatrix":[-0.934919238,0.354860574,0,-0.354860574,-0.934919238,0,0,0,1],"scale":1.25299621,"type":"Juniper_tree_03"},
{"pos":[30.6237431,-323.370544,47.0699997],"rotationMatrix":[-0.361639053,-0.932318211,0,0.932318211,-0.361639053,0,0,0,1],"scale":1.41201043,"type":"Juniper_tree_03"},
{"pos":[37.2555504,-298.494263,53.9169693],"rotationMatrix":[-0.580669582,-0.814139307,0,0.814139307,-0.580669582,0,0,0,1],"scale":1.0526948,"type":"Juniper_tree_03"},
{"pos":[62.4335594,-314.678986,42.4359932],"rotationMatrix":[-0.618674219,-0.785647631,0,0.785647631,-0.618674219,0,0,0,1],"scale":1.4956938,"type":"Juniper_tree_03"},
{"pos":[66.7594833,-312.457306,42.1622925],"rotationMatrix":[0.49382019,-0.869564056,0,0.869564056,0.49382019,0,0,0,1],"scale":1.44592023,"type":"Juniper_tree_03"},
{"pos":[55.974411,-299.698578,47.3075066],"rotationMatrix":[-0.777981997,-0.6282866,0,0.6282866,-0.777981997,0,0,0,1],"scale":1.06288815,"type":"Juniper_tree_03"},
{"pos":[56.0336533,-293.992462,48.7736053],"rotationMatrix":[-0.950141788,0.311818242,0,-0.311818242,-0.950141788,0,0,0,1],"scale":1.49750781,"type":"Juniper_tree_03"},
{"pos":[55.7332344,-287.801636,50.5040703],"rotationMatrix":[0.965983152,-0.258604944,0,0.258604944,0.965983152,0,0,0,1],"scale":1.33651412,"type":"Juniper_tree_03"},
{"pos":[39.3343201,-265.587616,59.9612503],"rotationMatrix":[0.814567327,-0.580069065,0,0.580069065,0.814567327,0,0,0,1],"scale":1.49347126,"type":"Juniper_tree_03"},
{"pos":[48.3414955,-283.687073,53.2503891],"rotationMatrix":[-0.558535457,-0.829480648,0,0.829480648,-0.558535457,0,0,0,1],"scale":1.01047599,"type":"Juniper_tree_03"},
{"pos":[71.17202,-294.109833,45.536026],"rotationMatrix":[0.749911845,-0.661537766,0,0.661537766,0.749911845,0,0,0,1],"scale":1.4663043,"type":"Juniper_tree_03"},
{"pos":[102.620094,-293.820557,42.0502586],"rotationMatrix":[0.847028911,-0.531546831,0,0.531546831,0.847028911,0,0,0,1],"scale":1.39638829,"type":"Juniper_tree_03"},
{"pos":[182.670425,-74.8346863,46.9940033],"rotationMatrix":[-0.513844728,0.857883215,0,-0.857883215,-0.513844728,0,0,0,1],"scale":1.30305529,"type":"Juniper_tree_03"},
{"pos":[184.20076,-83.6279449,48.8471756],"rotationMatrix":[-0.901185334,0.43343392,0,-0.43343392,-0.901185334,0,0,0,1],"scale":1.10708046,"type":"Juniper_tree_03"},
{"pos":[-131.001953,51.606514,39.879837],"rotationMatrix":[0.435125262,-0.900369942,0,0.900369942,0.435125262,0,0,0,1],"scale":1.00298309,"type":"Juniper_tree_03"}]
