[{"pos":[-38.2576332,-370.034485,45.8979988],"rotationMatrix":[-0.376207024,-0.92653507,0,0.92653507,-0.376207024,0,0,0,1],"scale":0.774490237,"type":"Juniper_tree_01"},
{"pos":[121.059746,-331.704041,37.8713531],"rotationMatrix":[0.365964592,0.930628777,0,-0.930628777,0.365964592,0,0,0,1],"scale":1.19045913,"type":"Juniper_tree_01"},
{"pos":[130.339676,-349.962158,35.045105],"rotationMatrix":[0.481164753,-0.876630187,0,0.876630187,0.481164753,0,0,0,1],"scale":1.37080336,"type":"Juniper_tree_01"},
{"pos":[120.76651,-319.547821,39.0695992],"rotationMatrix":[-0.355870456,0.934535265,0,-0.934535265,-0.355870456,0,0,0,1],"scale":1.37077928,"type":"Juniper_tree_01"},
{"pos":[106.406723,-348.439514,35.4959145],"rotationMatrix":[0.0720638782,0.997400045,0,-0.997400045,0.0720638782,0,0,0,1],"scale":1.04877591,"type":"Juniper_tree_01"},
{"pos":[100.018951,-327.22641,38.0969391],"rotationMatrix":[0.444373727,-0.895841479,0,0.895841479,0.444373727,0,0,0,1],"scale":1.17418468,"type":"Juniper_tree_01"},
{"pos":[116.343506,-350.58316,35.6799126],"rotationMatrix":[-0.998097599,0.0616539121,0,-0.0616539121,-0.998097599,0,0,0,1],"scale":1.20326042,"type":"Juniper_tree_01"},
{"pos":[216.278763,0.32292676,45.036705],"rotationMatrix":[0.967450321,0.253058314,0,-0.253058314,0.967450321,0,0,0,1],"scale":1.00816178,"type":"Juniper_tree_01"},
{"pos":[230.189743,-11.3864059,44.0983887],"rotationMatrix":[-0.510444582,0.859910667,0,-0.859910667,-0.510444582,0,0,0,1],"scale":1.18179333,"type":"Juniper_tree_01"},
{"pos":[-102.952408,141.796844,50.40205],"rotationMatrix":[-0.488074481,0.840817809,0.234110788,-0.838195145,-0.526327252,0.142853439,0.24333258,-0.126507416,0.961657405],"scale":1.23952699,"type":"Juniper_tree_01"}]
