[{"pos":[-50.6691933,-8.80823421,36.9314537],"rotationMatrix":[0.261637926,-0.965166092,0,0.965166092,0.261637926,0,0,0,1],"scale":1.29891729,"type":"Juniper_bush_small_01"},
{"pos":[-51.8480225,-9.38701725,36.8930969],"rotationMatrix":[0.946968794,-0.32132557,0,0.32132557,0.946968794,0,0,0,1],"scale":1.28352809,"type":"Juniper_bush_small_01"},
{"pos":[-56.3793907,5.77268648,37.241291],"rotationMatrix":[0.55441606,-0.832239628,0,0.832239628,0.55441606,0,0,0,1],"scale":1.28334785,"type":"Juniper_bush_small_01"},
{"pos":[-56.1788445,4.38318539,37.1856689],"rotationMatrix":[-0.178875685,-0.983871698,0,0.983871698,-0.178875685,0,0,0,1],"scale":1.6111002,"type":"Juniper_bush_small_01"},
{"pos":[-57.5277939,4.58239508,37.2043304],"rotationMatrix":[-0.995261431,0.0972349569,0,-0.0972349569,-0.995261431,0,0,0,1],"scale":1.22647464,"type":"Juniper_bush_small_01"},
{"pos":[-54.9486313,7.4074297,37.2927055],"rotationMatrix":[0.389080733,-0.921203673,0,0.921203673,0.389080733,0,0,0,1],"scale":1.572088,"type":"Juniper_bush_small_01"},
{"pos":[-55.5282364,5.96834469,37.2462463],"rotationMatrix":[0.704753339,-0.709452391,0,0.709452391,0.704753339,0,0,0,1],"scale":1.31012607,"type":"Juniper_bush_small_01"},
{"pos":[-55.6594086,5.36580753,37.2085533],"rotationMatrix":[-0.999516308,-0.0310992245,0,0.0310992245,-0.999516308,0,0,0,1],"scale":1.50263751,"type":"Juniper_bush_small_01"},
{"pos":[-60.2926826,7.55049133,37.3236465],"rotationMatrix":[0.398303926,0.917253494,0,-0.917253494,0.398303926,0,0,0,1],"scale":1.794204,"type":"Juniper_bush_small_01"},
{"pos":[-32.8153725,3.68625116,37.4359131],"rotationMatrix":[0.947104394,-0.320925623,0,0.320925623,0.947104394,0,0,0,1],"scale":1.35964024,"type":"Juniper_bush_small_01"},
{"pos":[-35.4914284,1.7565881,37.4053955],"rotationMatrix":[-0.66250962,0.749053359,0,-0.749053359,-0.66250962,0,0,0,1],"scale":1.45509398,"type":"Juniper_bush_small_01"},
{"pos":[-32.7597809,-0.880863428,37.3771706],"rotationMatrix":[0.499002159,-0.866600752,0,0.866600752,0.499002159,0,0,0,1],"scale":1.48589253,"type":"Juniper_bush_small_01"},
{"pos":[-64.7452927,-5.71523476,36.8414268],"rotationMatrix":[-0.221355677,-0.975193143,0,0.975193143,-0.221355677,0,0,0,1],"scale":1.45310402,"type":"Juniper_bush_small_01"},
{"pos":[-61.3923073,-3.19246244,36.9548988],"rotationMatrix":[-0.970003307,0.243091717,0,-0.243091717,-0.970003307,0,0,0,1],"scale":1.55459273,"type":"Juniper_bush_small_01"},
{"pos":[-69.6743164,-2.53929949,36.9354248],"rotationMatrix":[0.986897528,-0.161348164,0,0.161348164,0.986897528,0,0,0,1],"scale":1.72205234,"type":"Juniper_bush_small_01"},
{"pos":[-74.7440796,7.25057077,37.4597893],"rotationMatrix":[0.6957829,0.718252182,0,-0.718252182,0.6957829,0,0,0,1],"scale":1.32392895,"type":"Juniper_bush_small_01"},
{"pos":[-75.1164627,10.8611526,37.6695023],"rotationMatrix":[0.958672881,0.284510553,0,-0.284510553,0.958672881,0,0,0,1],"scale":1.41863763,"type":"Juniper_bush_small_01"},
{"pos":[-78.2790222,9.79498863,37.5959473],"rotationMatrix":[-0.996057868,-0.0887055323,0,0.0887055323,-0.996057868,0,0,0,1],"scale":1.67278147,"type":"Juniper_bush_small_01"},
{"pos":[-73.0823669,40.7665558,39.2315369],"rotationMatrix":[-0.773666203,-0.63359344,0,0.63359344,-0.773666203,0,0,0,1],"scale":1.29531729,"type":"Juniper_bush_small_01"},
{"pos":[-71.3475266,35.3605309,38.7916298],"rotationMatrix":[-0.470100045,-0.882613122,0,0.882613122,-0.470100045,0,0,0,1],"scale":1.38334274,"type":"Juniper_bush_small_01"},
{"pos":[-77.9626846,40.2744446,39.2021255],"rotationMatrix":[0.422121584,0.906539202,0,-0.906539202,0.422121584,0,0,0,1],"scale":1.42525423,"type":"Juniper_bush_small_01"},
{"pos":[-63.4720192,16.4383526,37.6805496],"rotationMatrix":[-0.0287559796,0.999586463,0,-0.999586463,-0.0287559796,0,0,0,1],"scale":1.7728411,"type":"Juniper_bush_small_01"},
{"pos":[-61.7289429,16.2771339,37.6324768],"rotationMatrix":[-0.999997318,-0.00232663751,0,0.00232663751,-0.999997318,0,0,0,1],"scale":1.70964861,"type":"Juniper_bush_small_01"},
{"pos":[-63.8953667,13.2182093,37.6206894],"rotationMatrix":[0.825429499,-0.564505219,0,0.564505219,0.825429499,0,0,0,1],"scale":1.61476099,"type":"Juniper_bush_small_01"},
{"pos":[-63.0669899,18.1236649,37.7227859],"rotationMatrix":[-0.95340693,0.30168727,0,-0.30168727,-0.95340693,0,0,0,1],"scale":1.63746953,"type":"Juniper_bush_small_01"},
{"pos":[-59.9754639,26.3654442,38.1266098],"rotationMatrix":[-0.0509428158,-0.998701572,0,0.998701572,-0.0509428158,0,0,0,1],"scale":1.59044886,"type":"Juniper_bush_small_01"},
{"pos":[-54.2410393,36.4620552,39.1282959],"rotationMatrix":[-0.995822072,-0.091315113,0,0.091315113,-0.995822072,0,0,0,1],"scale":1.23026812,"type":"Juniper_bush_small_01"},
{"pos":[-59.3383942,5.17557669,37.2333984],"rotationMatrix":[-0.138925344,0.990302861,0,-0.990302861,-0.138925344,0,0,0,1],"scale":1.73711205,"type":"Juniper_bush_small_01"},
{"pos":[-59.7892799,7.12558746,37.2841072],"rotationMatrix":[-0.746095121,-0.665839374,0,0.665839374,-0.746095121,0,0,0,1],"scale":1.51419985,"type":"Juniper_bush_small_01"},
{"pos":[-42.7345428,34.3449783,38.7697525],"rotationMatrix":[-0.901632845,-0.432502329,0,0.432502329,-0.901632845,0,0,0,1],"scale":1.32199121,"type":"Juniper_bush_small_01"},
{"pos":[-39.0230522,37.3868256,39.0968666],"rotationMatrix":[0.293802083,0.955866277,0,-0.955866277,0.293802083,0,0,0,1],"scale":1.24825716,"type":"Juniper_bush_small_01"},
{"pos":[-41.1712036,29.1898251,38.4109306],"rotationMatrix":[-0.349024206,-0.937113702,0,0.937113702,-0.349024206,0,0,0,1],"scale":1.62509263,"type":"Juniper_bush_small_01"},
{"pos":[-39.0910873,29.7097225,38.4464645],"rotationMatrix":[-0.451609373,0.892215788,0,-0.892215788,-0.451609373,0,0,0,1],"scale":1.69599509,"type":"Juniper_bush_small_01"},
{"pos":[-40.9486313,28.2777462,38.3580971],"rotationMatrix":[0.961397111,-0.275164634,0,0.275164634,0.961397111,0,0,0,1],"scale":1.74270511,"type":"Juniper_bush_small_01"},
{"pos":[-55.9122772,57.2155533,40.8218307],"rotationMatrix":[-0.691477656,-0.722397864,0,0.722397864,-0.691477656,0,0,0,1],"scale":1.50494933,"type":"Juniper_bush_small_01"},
{"pos":[-56.2760849,67.3836746,41.5882339],"rotationMatrix":[-0.0969709903,0.99528718,0,-0.99528718,-0.0969709903,0,0,0,1],"scale":1.48722005,"type":"Juniper_bush_small_01"},
{"pos":[-55.6925621,64.6307602,41.3802071],"rotationMatrix":[0.154830992,-0.987940967,0,0.987940967,0.154830992,0,0,0,1],"scale":1.63052976,"type":"Juniper_bush_small_01"},
{"pos":[-59.8877449,65.5473404,41.4945068],"rotationMatrix":[0.291030496,-0.956713796,0,0.956713796,0.291030496,0,0,0,1],"scale":1.67453861,"type":"Juniper_bush_small_01"},
{"pos":[-70.070694,79.3709869,42.8050117],"rotationMatrix":[-0.296023637,-0.955180585,0,0.955180585,-0.296023637,0,0,0,1],"scale":1.32136846,"type":"Juniper_bush_small_01"},
{"pos":[-65.2368927,81.6931229,42.8854675],"rotationMatrix":[0.870700061,-0.491814405,0,0.491814405,0.870700061,0,0,0,1],"scale":1.37480938,"type":"Juniper_bush_small_01"},
{"pos":[-65.1582336,83.7670288,43.0448608],"rotationMatrix":[0.6685462,0.743670642,0,-0.743670642,0.6685462,0,0,0,1],"scale":1.36245275,"type":"Juniper_bush_small_01"},
{"pos":[-70.8946609,72.2406464,42.5279541],"rotationMatrix":[-0.999098301,0.0424575396,0,-0.0424575396,-0.999098301,0,0,0,1],"scale":1.2942431,"type":"Juniper_bush_small_01"},
{"pos":[-68.4252243,-9.91032028,36.9110985],"rotationMatrix":[-0.513536632,-0.858067691,0,0.858067691,-0.513536632,0,0,0,1],"scale":1.73320222,"type":"Juniper_bush_small_01"},
{"pos":[-72.0493698,-4.26277065,37.0396309],"rotationMatrix":[-0.297978461,-0.954572618,0,0.954572618,-0.297978461,0,0,0,1],"scale":1.34132361,"type":"Juniper_bush_small_01"},
{"pos":[-96.415123,28.3261299,38.4308243],"rotationMatrix":[-0.547832131,-0.836588264,0,0.836588264,-0.547832131,0,0,0,1],"scale":1.33370817,"type":"Juniper_bush_small_01"},
{"pos":[-94.3731842,27.1283588,38.4167938],"rotationMatrix":[-0.29267621,-0.956211627,0,0.956211627,-0.29267621,0,0,0,1],"scale":1.6498394,"type":"Juniper_bush_small_01"},
{"pos":[-104.445831,18.6462517,37.4705811],"rotationMatrix":[-0.400744379,0.916189909,0,-0.916189909,-0.400744379,0,0,0,1],"scale":1.42928529,"type":"Juniper_bush_small_01"},
{"pos":[-104.888489,17.0159187,37.4097977],"rotationMatrix":[0.941442549,0.337173432,0,-0.337173432,0.941442549,0,0,0,1],"scale":1.76515675,"type":"Juniper_bush_small_01"},
{"pos":[-105.423691,15.5089645,37.3938751],"rotationMatrix":[-0.101430669,0.994842589,0,-0.994842589,-0.101430669,0,0,0,1],"scale":1.43668592,"type":"Juniper_bush_small_01"},
{"pos":[-106.895393,18.5783749,37.3358688],"rotationMatrix":[-0.933820307,-0.357742399,0,0.357742399,-0.933820307,0,0,0,1],"scale":1.43898702,"type":"Juniper_bush_small_01"},
{"pos":[-107.118195,17.8819504,37.3033981],"rotationMatrix":[-0.999450207,0.0331558883,0,-0.0331558883,-0.999450207,0,0,0,1],"scale":1.53837085,"type":"Juniper_bush_small_01"},
{"pos":[-117.938377,16.6234779,36.783638],"rotationMatrix":[-0.646568239,-0.762856185,0,0.762856185,-0.646568239,0,0,0,1],"scale":1.7912488,"type":"Juniper_bush_small_01"},
{"pos":[-115.642677,22.3259964,37.1433258],"rotationMatrix":[0.907953918,-0.419070035,0,0.419070035,0.907953918,0,0,0,1],"scale":1.41005278,"type":"Juniper_bush_small_01"},
{"pos":[-113.985031,22.3893814,37.1771049],"rotationMatrix":[-0.891903996,0.452224761,0,-0.452224761,-0.891903996,0,0,0,1],"scale":1.43406618,"type":"Juniper_bush_small_01"},
{"pos":[-112.670288,23.2200375,37.3421974],"rotationMatrix":[0.855656922,-0.517543495,0,0.517543495,0.855656922,0,0,0,1],"scale":1.33146739,"type":"Juniper_bush_small_01"},
{"pos":[-112.551239,19.4779472,37.0437241],"rotationMatrix":[0.0918367654,-0.99577409,0,0.99577409,0.0918367654,0,0,0,1],"scale":1.20846224,"type":"Juniper_bush_small_01"},
{"pos":[-115.153801,18.1154766,36.9002151],"rotationMatrix":[0.531454384,0.847086906,0,-0.847086906,0.531454384,0,0,0,1],"scale":1.30717254,"type":"Juniper_bush_small_01"},
{"pos":[-98.5225906,24.4771576,38.0891991],"rotationMatrix":[0.889122009,-0.457670242,0,0.457670242,0.889122009,0,0,0,1],"scale":1.49070716,"type":"Juniper_bush_small_01"},
{"pos":[-98.878418,24.0229855,38.0385246],"rotationMatrix":[0.99922055,0.03947502,0,-0.03947502,0.99922055,0,0,0,1],"scale":1.62681735,"type":"Juniper_bush_small_01"},
{"pos":[-97.2112961,23.3314629,38.043766],"rotationMatrix":[-0.423163414,-0.906053364,0,0.906053364,-0.423163414,0,0,0,1],"scale":1.28285599,"type":"Juniper_bush_small_01"},
{"pos":[-104.565308,24.4871521,37.7586975],"rotationMatrix":[-0.628235102,0.778023601,0,-0.778023601,-0.628235102,0,0,0,1],"scale":1.38995528,"type":"Juniper_bush_small_01"},
{"pos":[-98.1141815,28.5572186,38.4261894],"rotationMatrix":[-0.983390808,-0.181500614,0,0.181500614,-0.983390808,0,0,0,1],"scale":1.22182405,"type":"Juniper_bush_small_01"},
{"pos":[-100.624733,23.7497864,37.9442253],"rotationMatrix":[0.34896487,0.937135816,0,-0.937135816,0.34896487,0,0,0,1],"scale":1.71580887,"type":"Juniper_bush_small_01"},
{"pos":[-102.447876,22.1648693,37.7186012],"rotationMatrix":[-0.27774471,-0.960654914,0,0.960654914,-0.27774471,0,0,0,1],"scale":1.2438978,"type":"Juniper_bush_small_01"},
{"pos":[-101.490883,26.3417778,38.1361427],"rotationMatrix":[-0.107232451,0.994233966,0,-0.994233966,-0.107232451,0,0,0,1],"scale":1.35364258,"type":"Juniper_bush_small_01"},
{"pos":[-87.0368195,35.0974007,39.4550362],"rotationMatrix":[-0.523717463,-0.851891994,0,0.851891994,-0.523717463,0,0,0,1],"scale":1.42294908,"type":"Juniper_bush_small_01"},
{"pos":[-94.010025,29.861145,38.6140556],"rotationMatrix":[0.887057304,0.461659342,0,-0.461659342,0.887057304,0,0,0,1],"scale":1.76223743,"type":"Juniper_bush_small_01"},
{"pos":[-82.4813843,-332.656799,43.0421066],"rotationMatrix":[0.922812521,0.385249406,0,-0.385249406,0.922812521,0,0,0,1],"scale":1.5265696,"type":"Juniper_bush_small_01"},
{"pos":[-82.567421,-337.34491,41.976181],"rotationMatrix":[0.838579655,-0.544778943,0,0.544778943,0.838579655,0,0,0,1],"scale":1.69238639,"type":"Juniper_bush_small_01"},
{"pos":[-77.3097,-342.486053,41.0260925],"rotationMatrix":[0.0215088986,-0.999768674,0,0.999768674,0.0215088986,0,0,0,1],"scale":1.54849911,"type":"Juniper_bush_small_01"},
{"pos":[-44.6146927,-336.515686,49.2090149],"rotationMatrix":[0.192078143,0.981379628,0,-0.981379628,0.192078143,0,0,0,1],"scale":1.45127797,"type":"Juniper_bush_small_01"},
{"pos":[-35.4591599,-391.217224,46.466301],"rotationMatrix":[-0.857842088,0.513913333,0,-0.513913333,-0.857842088,0,0,0,1],"scale":1.58709979,"type":"Juniper_bush_small_01"},
{"pos":[-39.0853844,-389.010345,44.1978378],"rotationMatrix":[-0.833665371,-0.552269876,0,0.552269876,-0.833665371,0,0,0,1],"scale":1.77152514,"type":"Juniper_bush_small_01"},
{"pos":[-55.4119644,-406.895844,33.9469566],"rotationMatrix":[0.630759358,0.775978506,0,-0.775978506,0.630759358,0,0,0,1],"scale":1.71209478,"type":"Juniper_bush_small_01"},
{"pos":[-48.5018387,-411.77655,37.9419746],"rotationMatrix":[0.383019179,0.515459239,0.766549349,-0.714491308,0.691284001,-0.107840478,-0.585490763,-0.506388009,0.633065641],"scale":1.62024689,"type":"Juniper_bush_small_01"},
{"pos":[-47.9202766,-410.681519,38.5730247],"rotationMatrix":[-0.970693231,0.240322009,0,-0.240322009,-0.970693231,0,0,0,1],"scale":1.55758035,"type":"Juniper_bush_small_01"},
{"pos":[-46.9801979,-410.463257,39.353447],"rotationMatrix":[0.940894246,-0.338700414,0,0.338700414,0.940894246,0,0,0,1],"scale":1.5928278,"type":"Juniper_bush_small_01"},
{"pos":[-79.2286758,-386.497864,31.6222992],"rotationMatrix":[-0.677094758,0.712264359,0.184982523,-0.687084556,-0.701908648,0.187711716,0.263541311,-5.70547734e-08,0.964647889],"scale":1.40118325,"type":"Juniper_bush_small_01"},
{"pos":[-93.1273346,-376.406372,34.2223396],"rotationMatrix":[-0.912662029,-0.408715039,0,0.408715039,-0.912662029,0,0,0,1],"scale":1.52996135,"type":"Juniper_bush_small_01"},
{"pos":[-93.0502243,-371.891357,35.1110229],"rotationMatrix":[-0.54003793,-0.841640651,0,0.841640651,-0.54003793,0,0,0,1],"scale":1.33057845,"type":"Juniper_bush_small_01"},
{"pos":[-91.8535385,-371.184998,35.282814],"rotationMatrix":[-0.916101754,0.400945872,0,-0.400945872,-0.916101754,0,0,0,1],"scale":1.45006347,"type":"Juniper_bush_small_01"},
{"pos":[-95.1978989,-380.19281,32.7575378],"rotationMatrix":[-0.493660599,0.869654655,0,-0.869654655,-0.493660599,0,0,0,1],"scale":1.57635367,"type":"Juniper_bush_small_01"},
{"pos":[-31.0309048,-341.073944,55.1466942],"rotationMatrix":[0.905488014,0.424371809,0,-0.424371809,0.905488014,0,0,0,1],"scale":1.57947648,"type":"Juniper_bush_small_01"},
{"pos":[-43.6485481,-335.330414,50.8177834],"rotationMatrix":[-0.535160899,0.844750166,0,-0.844750166,-0.535160899,0,0,0,1],"scale":1.76106632,"type":"Juniper_bush_small_01"},
{"pos":[-39.1107063,-322.750732,61.8463821],"rotationMatrix":[0.677004099,0.735979259,0,-0.735979259,0.677004099,0,0,0,1],"scale":1.42512035,"type":"Juniper_bush_small_01"},
{"pos":[-39.0742188,-323.488007,61.6877365],"rotationMatrix":[-0.885133207,-0.465337694,0,0.465337694,-0.885133207,0,0,0,1],"scale":1.20832217,"type":"Juniper_bush_small_01"},
{"pos":[-38.9741135,-322.25647,62.1370773],"rotationMatrix":[-0.0257110745,0.999669433,0,-0.999669433,-0.0257110745,0,0,0,1],"scale":1.3369391,"type":"Juniper_bush_small_01"},
{"pos":[-36.0457115,-325.3302,62.9960136],"rotationMatrix":[-0.989647746,-0.143517926,0,0.143517926,-0.989647746,0,0,0,1],"scale":1.20878637,"type":"Juniper_bush_small_01"},
{"pos":[370.395081,143.362976,31.672699],"rotationMatrix":[0.764677465,0.644413233,0,-0.644413233,0.764677465,0,0,0,1],"scale":1.69698381,"type":"Juniper_bush_small_01"},
{"pos":[369.446716,142.477753,31.4045315],"rotationMatrix":[0.0379374325,-0.999280095,0,0.999280095,0.0379374325,0,0,0,1],"scale":1.63377309,"type":"Juniper_bush_small_01"},
{"pos":[368.300507,148.462875,31.9051418],"rotationMatrix":[-0.45292598,-0.891548097,0,0.891548097,-0.45292598,0,0,0,1],"scale":1.20633328,"type":"Juniper_bush_small_01"},
{"pos":[393.407501,235.135406,30.459734],"rotationMatrix":[0.995335579,0.0964729711,0,-0.0964729711,0.995335579,0,0,0,1],"scale":1.73402619,"type":"Juniper_bush_small_01"},
{"pos":[392.707977,235.789597,30.2840118],"rotationMatrix":[-0.594623566,-0.804004252,0,0.804004252,-0.594623566,0,0,0,1],"scale":1.53680217,"type":"Juniper_bush_small_01"},
{"pos":[392.140839,232.637115,30.8310871],"rotationMatrix":[0.082773298,0.996568382,0,-0.996568382,0.082773298,0,0,0,1],"scale":1.20311403,"type":"Juniper_bush_small_01"},
{"pos":[391.037872,231.950989,30.6009159],"rotationMatrix":[0.998272777,-0.0587495714,0,0.0587495714,0.998272777,0,0,0,1],"scale":1.55197966,"type":"Juniper_bush_small_01"},
{"pos":[392.080841,234.600143,30.7709141],"rotationMatrix":[0.37303406,0.92781955,0,-0.92781955,0.37303406,0,0,0,1],"scale":1.5841558,"type":"Juniper_bush_small_01"},
{"pos":[388.405243,209.930359,34.2332115],"rotationMatrix":[-0.67101866,0.741440415,0,-0.741440415,-0.67101866,0,0,0,1],"scale":1.6021837,"type":"Juniper_bush_small_01"},
{"pos":[389.201172,209.514236,34.8881226],"rotationMatrix":[-0.985823512,-0.167785674,0,0.167785674,-0.985823512,0,0,0,1],"scale":1.29385424,"type":"Juniper_bush_small_01"},
{"pos":[388.318878,210.496292,34.0414619],"rotationMatrix":[-0.483667731,0.87525171,0,-0.87525171,-0.483667731,0,0,0,1],"scale":1.77222049,"type":"Juniper_bush_small_01"},
{"pos":[383.274933,196.887833,33.2033386],"rotationMatrix":[-0.396259904,0.918138385,0,-0.918138385,-0.396259904,0,0,0,1],"scale":1.22560167,"type":"Juniper_bush_small_01"},
{"pos":[382.830017,197.078583,32.8097572],"rotationMatrix":[0.904499829,-0.426473975,0,0.426473975,0.904499829,0,0,0,1],"scale":1.21600199,"type":"Juniper_bush_small_01"},
{"pos":[383.609222,197.32254,33.3416824],"rotationMatrix":[0.945811212,0.324717104,0,-0.324717104,0.945811212,0,0,0,1],"scale":1.2852248,"type":"Juniper_bush_small_01"},
{"pos":[376.187958,185.129211,31.941597],"rotationMatrix":[-0.978021324,-0.208504856,0,0.208504856,-0.978021324,0,0,0,1],"scale":1.70977533,"type":"Juniper_bush_small_01"},
{"pos":[377.33902,184.649216,32.6891403],"rotationMatrix":[-0.784450531,-0.620191455,0,0.620191455,-0.784450531,0,0,0,1],"scale":1.56071532,"type":"Juniper_bush_small_01"},
{"pos":[305.264008,213.698608,32.7930489],"rotationMatrix":[0.769183278,0.639028251,0,-0.639028251,0.769183278,0,0,0,1],"scale":1.69505882,"type":"Juniper_bush_small_01"},
{"pos":[319.84964,239.480759,28.2071552],"rotationMatrix":[-0.394308627,0.918978095,0,-0.918978095,-0.394308627,0,0,0,1],"scale":1.58313251,"type":"Juniper_bush_small_01"},
{"pos":[307.126648,231.477905,31.0482826],"rotationMatrix":[0.316565603,-0.948570609,0,0.948570609,0.316565603,0,0,0,1],"scale":1.21753895,"type":"Juniper_bush_small_01"},
{"pos":[319.371979,260.811707,27.779892],"rotationMatrix":[0.99513042,0.098567225,0,-0.098567225,0.99513042,0,0,0,1],"scale":1.50283289,"type":"Juniper_bush_small_01"},
{"pos":[319.772034,258.900208,27.9864159],"rotationMatrix":[-0.523174882,-0.852225363,0,0.852225363,-0.523174882,0,0,0,1],"scale":1.55345905,"type":"Juniper_bush_small_01"},
{"pos":[-317.565887,321.654114,33.503376],"rotationMatrix":[-0.056020882,-0.998429596,0,0.998429596,-0.056020882,0,0,0,1],"scale":1.29510617,"type":"Juniper_bush_small_01"},
{"pos":[-317.050537,319.414093,35.0416031],"rotationMatrix":[0.773626685,-0.63364166,0,0.63364166,0.773626685,0,0,0,1],"scale":1.77205122,"type":"Juniper_bush_small_01"},
{"pos":[-321.570923,324.382446,32.6556473],"rotationMatrix":[-0.839213192,-0.543802559,0,0.543802559,-0.839213192,0,0,0,1],"scale":1.57508719,"type":"Juniper_bush_small_01"},
{"pos":[-322.644287,323.837372,32.9532509],"rotationMatrix":[0.629610121,0.776911259,0,-0.776911259,0.629610121,0,0,0,1],"scale":1.29635847,"type":"Juniper_bush_small_01"},
{"pos":[-322.336761,328.671021,30.4388409],"rotationMatrix":[-0.143905237,-0.989591479,0,0.989591479,-0.143905237,0,0,0,1],"scale":1.58755708,"type":"Juniper_bush_small_01"},
{"pos":[-324.270325,327.956207,30.7912502],"rotationMatrix":[0.926974237,-0.375124991,0,0.375124991,0.926974237,0,0,0,1],"scale":1.52727246,"type":"Juniper_bush_small_01"},
{"pos":[-324.841827,328.183502,30.6893921],"rotationMatrix":[0.933203459,-0.359348506,0,0.359348506,0.933203459,0,0,0,1],"scale":1.52753568,"type":"Juniper_bush_small_01"},
{"pos":[-345.19574,290.330292,30.2826824],"rotationMatrix":[-0.763464272,-0.645850062,0,0.645850062,-0.763464272,0,0,0,1],"scale":1.67375398,"type":"Juniper_bush_small_01"},
{"pos":[-347.133911,292.542023,28.1442566],"rotationMatrix":[-0.956659794,-0.29120791,0,0.29120791,-0.956659794,0,0,0,1],"scale":1.79369414,"type":"Juniper_bush_small_01"},
{"pos":[-353.794647,280.680481,32.5071449],"rotationMatrix":[0.685912967,-0.727683544,0,0.727683544,0.685912967,0,0,0,1],"scale":1.28701806,"type":"Juniper_bush_small_01"},
{"pos":[-363.469666,252.542404,34.68787],"rotationMatrix":[0.167487562,-0.985874176,0,0.985874176,0.167487562,0,0,0,1],"scale":1.75105476,"type":"Juniper_bush_small_01"},
{"pos":[-363.99353,253.693039,34.6805916],"rotationMatrix":[0.99213016,-0.125210658,0,0.125210658,0.99213016,0,0,0,1],"scale":1.52794349,"type":"Juniper_bush_small_01"},
{"pos":[-363.58609,253.972076,35.0710564],"rotationMatrix":[-0.780225754,-0.625498056,0,0.625498056,-0.780225754,0,0,0,1],"scale":1.28825939,"type":"Juniper_bush_small_01"},
{"pos":[-363.853912,252.203674,34.3796425],"rotationMatrix":[-0.719317019,-0.694681942,0,0.694681942,-0.719317019,0,0,0,1],"scale":1.2930516,"type":"Juniper_bush_small_01"},
{"pos":[-365.06839,251.709595,33.5388489],"rotationMatrix":[0.650182962,0.759777665,0,-0.759777665,0.650182962,0,0,0,1],"scale":1.20573807,"type":"Juniper_bush_small_01"},
{"pos":[-366.123047,251.874939,32.0124245],"rotationMatrix":[-0.76038444,0.595166445,-0.259979576,-0.563161373,-0.803601801,-0.192548007,-0.323518395,5.69938621e-08,0.946221411],"scale":1.49360299,"type":"Juniper_bush_small_01"},
{"pos":[-401.768768,190.618393,26.9750748],"rotationMatrix":[-0.994881392,0.101049833,0,-0.101049833,-0.994881392,0,0,0,1],"scale":1.64100528,"type":"Juniper_bush_small_01"},
{"pos":[-389.454102,167.027679,36.2557831],"rotationMatrix":[-0.502640069,0.864495814,0,-0.864495814,-0.502640069,0,0,0,1],"scale":1.47427487,"type":"Juniper_bush_small_01"},
{"pos":[-394.959564,164.632477,34.7422523],"rotationMatrix":[-0.919028521,0.394191056,0,-0.394191056,-0.919028521,0,0,0,1],"scale":1.65951228,"type":"Juniper_bush_small_01"},
{"pos":[-394.656067,165.981888,34.9903297],"rotationMatrix":[-0.96924156,0.246111348,0,-0.246111348,-0.96924156,0,0,0,1],"scale":1.2560277,"type":"Juniper_bush_small_01"},
{"pos":[-388.522095,163.723297,36.2021408],"rotationMatrix":[0.627027154,0.778997421,0,-0.778997421,0.627027154,0,0,0,1],"scale":1.47244835,"type":"Juniper_bush_small_01"},
{"pos":[-397.396362,165.081696,34.0497093],"rotationMatrix":[-0.615656376,-0.78801471,0,0.78801471,-0.615656376,0,0,0,1],"scale":1.5383867,"type":"Juniper_bush_small_01"},
{"pos":[-395.85025,164.407013,34.5307846],"rotationMatrix":[0.568443239,-0.822722495,0,0.822722495,0.568443239,0,0,0,1],"scale":1.39056802,"type":"Juniper_bush_small_01"},
{"pos":[-396.429138,166.912033,34.4894104],"rotationMatrix":[0.994366765,-0.105994225,0,0.105994225,0.994366765,0,0,0,1],"scale":1.41534519,"type":"Juniper_bush_small_01"},
{"pos":[-396.363678,167.525223,34.5216141],"rotationMatrix":[-0.943648458,0.330949575,0,-0.330949575,-0.943648458,0,0,0,1],"scale":1.41487527,"type":"Juniper_bush_small_01"},
{"pos":[-392.528961,162.253418,34.9837646],"rotationMatrix":[0.766795993,0.641890883,0,-0.641890883,0.766795993,0,0,0,1],"scale":1.20786858,"type":"Juniper_bush_small_01"},
{"pos":[-394.804169,163.147598,34.5127411],"rotationMatrix":[0.62882185,0.777549446,0,-0.777549446,0.62882185,0,0,0,1],"scale":1.43210888,"type":"Juniper_bush_small_01"},
{"pos":[-375.132904,209.042892,34.4559135],"rotationMatrix":[0.0797434598,-0.996815443,0,0.996815443,0.0797434598,0,0,0,1],"scale":1.52344584,"type":"Juniper_bush_small_01"},
{"pos":[-374.573364,206.63916,35.9669609],"rotationMatrix":[0.848794222,-0.528723359,0,0.528723359,0.848794222,0,0,0,1],"scale":1.75166035,"type":"Juniper_bush_small_01"},
{"pos":[-373.764771,207.721024,35.5143738],"rotationMatrix":[0.469275862,0.883051634,0,-0.883051634,0.469275862,0,0,0,1],"scale":1.67630291,"type":"Juniper_bush_small_01"},
{"pos":[-369.201416,208.582855,36.0286484],"rotationMatrix":[-0.194305152,-0.980941117,0,0.980941117,-0.194305152,0,0,0,1],"scale":1.26189935,"type":"Juniper_bush_small_01"},
{"pos":[-366.370361,206.805801,37.1089172],"rotationMatrix":[0.991919518,0.126868576,0,-0.126868576,0.991919518,0,0,0,1],"scale":1.54717624,"type":"Juniper_bush_small_01"},
{"pos":[-367.67804,207.296936,36.6906013],"rotationMatrix":[0.635848522,-0.771813869,0,0.771813869,0.635848522,0,0,0,1],"scale":1.34305644,"type":"Juniper_bush_small_01"},
{"pos":[-370.756256,212.493896,35.4581528],"rotationMatrix":[-0.910651803,0.413174689,0,-0.413174689,-0.910651803,0,0,0,1],"scale":1.41152883,"type":"Juniper_bush_small_01"},
{"pos":[-375.599701,212.673767,34.3180504],"rotationMatrix":[0.249455214,0.968386352,0,-0.968386352,0.249455214,0,0,0,1],"scale":1.39910007,"type":"Juniper_bush_small_01"},
{"pos":[-375.508667,214.744324,34.4357567],"rotationMatrix":[-0.732440472,0.680831075,0,-0.680831075,-0.732440472,0,0,0,1],"scale":1.61189365,"type":"Juniper_bush_small_01"},
{"pos":[-362.737213,221.852295,37.9378128],"rotationMatrix":[-0.197438195,-0.980315328,0,0.980315328,-0.197438195,0,0,0,1],"scale":1.69508994,"type":"Juniper_bush_small_01"},
{"pos":[-360.057373,213.894333,38.276886],"rotationMatrix":[-0.819712043,-0.572775841,0,0.572775841,-0.819712043,0,0,0,1],"scale":1.52342439,"type":"Juniper_bush_small_01"},
{"pos":[-363.710938,218.180664,37.4025993],"rotationMatrix":[-0.265475243,-0.964117646,0,0.964117646,-0.265475243,0,0,0,1],"scale":1.34264278,"type":"Juniper_bush_small_01"},
{"pos":[-357.761108,220.568848,38.6821976],"rotationMatrix":[-0.368841082,-0.929492474,0,0.929492474,-0.368841082,0,0,0,1],"scale":1.73276222,"type":"Juniper_bush_small_01"},
{"pos":[-351.299591,217.175018,39.6873093],"rotationMatrix":[-0.343251556,0.939243495,0,-0.939243495,-0.343251556,0,0,0,1],"scale":1.66447508,"type":"Juniper_bush_small_01"},
{"pos":[-355.986694,221.349106,39.0573273],"rotationMatrix":[-0.795571446,0.605859756,0,-0.605859756,-0.795571446,0,0,0,1],"scale":1.26675618,"type":"Juniper_bush_small_01"},
{"pos":[-353.50058,221.854858,39.5493927],"rotationMatrix":[-0.997990072,0.0633702651,0,-0.0633702651,-0.997990072,0,0,0,1],"scale":1.57102847,"type":"Juniper_bush_small_01"},
{"pos":[-351.071136,225.467407,40.0565071],"rotationMatrix":[0.173316792,-0.984866142,0,0.984866142,0.173316792,0,0,0,1],"scale":1.42071676,"type":"Juniper_bush_small_01"},
{"pos":[-355.337463,221.461243,39.1864357],"rotationMatrix":[0.99198997,0.126316577,0,-0.126316577,0.99198997,0,0,0,1],"scale":1.31287277,"type":"Juniper_bush_small_01"},
{"pos":[-349.881226,226.476532,40.4338684],"rotationMatrix":[0.686342359,0.72727859,0,-0.72727859,0.686342359,0,0,0,1],"scale":1.37118602,"type":"Juniper_bush_small_01"},
{"pos":[-343.697937,228.806747,42.3383369],"rotationMatrix":[0.871218681,-0.490895122,0,0.490895122,0.871218681,0,0,0,1],"scale":1.35099411,"type":"Juniper_bush_small_01"},
{"pos":[-344.4039,219.763702,40.7291908],"rotationMatrix":[-0.97324723,-0.229760379,0,0.229760379,-0.97324723,0,0,0,1],"scale":1.66558528,"type":"Juniper_bush_small_01"},
{"pos":[-376.789398,221.661087,34.3013],"rotationMatrix":[0.84079504,0.541353524,0,-0.541353524,0.84079504,0,0,0,1],"scale":1.32214212,"type":"Juniper_bush_small_01"},
{"pos":[-373.874695,225.150101,34.7216263],"rotationMatrix":[0.0341379605,-0.999417126,0,0.999417126,0.0341379605,0,0,0,1],"scale":1.47139263,"type":"Juniper_bush_small_01"},
{"pos":[-379.475861,224.433243,33.889164],"rotationMatrix":[0.358339608,-0.933591306,0,0.933591306,0.358339608,0,0,0,1],"scale":1.3055135,"type":"Juniper_bush_small_01"},
{"pos":[-349.002045,260.39801,39.4611588],"rotationMatrix":[0.141543835,-0.989932001,0,0.989932001,0.141543835,0,0,0,1],"scale":1.61019993,"type":"Juniper_bush_small_01"},
{"pos":[-351.909668,257.455933,38.8133545],"rotationMatrix":[0.959373951,0.282137632,0,-0.282137632,0.959373951,0,0,0,1],"scale":1.70909762,"type":"Juniper_bush_small_01"},
{"pos":[-343.932678,255.052582,41.7728691],"rotationMatrix":[0.926050842,-0.377398729,0,0.377398729,0.926050842,0,0,0,1],"scale":1.70361757,"type":"Juniper_bush_small_01"},
{"pos":[-346.655792,255.490189,40.8315735],"rotationMatrix":[-0.831931949,0.554877698,0,-0.554877698,-0.831931949,0,0,0,1],"scale":1.4971782,"type":"Juniper_bush_small_01"},
{"pos":[-339.252014,272.019592,42.1039505],"rotationMatrix":[-0.22444129,-0.974487603,0,0.974487603,-0.22444129,0,0,0,1],"scale":1.47381413,"type":"Juniper_bush_small_01"},
{"pos":[-338.221313,273.942596,42.400547],"rotationMatrix":[0.329528809,0.944145501,0,-0.944145501,0.329528809,0,0,0,1],"scale":1.54692447,"type":"Juniper_bush_small_01"},
{"pos":[-342.602661,274.587128,40.7655182],"rotationMatrix":[0.225429565,-0.974259496,0,0.974259496,0.225429565,0,0,0,1],"scale":1.72071409,"type":"Juniper_bush_small_01"},
{"pos":[-361.57547,263.687866,34.6348228],"rotationMatrix":[0.842916131,-0.538044989,0,0.538044989,0.842916131,0,0,0,1],"scale":1.33074963,"type":"Juniper_bush_small_01"},
{"pos":[-364.67926,268.348969,32.9927597],"rotationMatrix":[-0.110560417,0.993869424,0,-0.993869424,-0.110560417,0,0,0,1],"scale":1.21336234,"type":"Juniper_bush_small_01"},
{"pos":[-357.601685,261.482727,36.0876503],"rotationMatrix":[0.440978289,-0.8975178,0,0.8975178,0.440978289,0,0,0,1],"scale":1.26328897,"type":"Juniper_bush_small_01"},
{"pos":[-357.953735,262.897064,35.8892975],"rotationMatrix":[0.444982708,0.895539165,0,-0.895539165,0.444982708,0,0,0,1],"scale":1.41271377,"type":"Juniper_bush_small_01"},
{"pos":[-357.233795,263.129364,36.1406136],"rotationMatrix":[0.859738827,-0.510733962,0,0.510733962,0.859738827,0,0,0,1],"scale":1.51391459,"type":"Juniper_bush_small_01"},
{"pos":[-370.360809,260.894226,31.9637928],"rotationMatrix":[-0.628863454,-0.777515769,0,0.777515769,-0.628863454,0,0,0,1],"scale":1.51676536,"type":"Juniper_bush_small_01"},
{"pos":[-384.777679,119.596901,27.1519718],"rotationMatrix":[-0.547323644,-0.836921036,0,0.836921036,-0.547323644,0,0,0,1],"scale":1.48903656,"type":"Juniper_bush_small_01"},
{"pos":[-384.561676,121.566605,26.4582043],"rotationMatrix":[-0.778276861,-0.627921283,0,0.627921283,-0.778276861,0,0,0,1],"scale":1.56319106,"type":"Juniper_bush_small_01"},
{"pos":[-386.816498,120.253929,26.8229637],"rotationMatrix":[0.701903999,0.712271571,0,-0.712271571,0.701903999,0,0,0,1],"scale":1.40357506,"type":"Juniper_bush_small_01"},
{"pos":[-375.712677,106.028534,33.2106934],"rotationMatrix":[-0.0351875983,0.999380708,0,-0.999380708,-0.0351875983,0,0,0,1],"scale":1.75986218,"type":"Juniper_bush_small_01"},
{"pos":[-357.107208,104.95108,36.2960587],"rotationMatrix":[-0.881928504,-0.471383154,0,0.471383154,-0.881928504,0,0,0,1],"scale":1.30923259,"type":"Juniper_bush_small_01"},
{"pos":[-357.542542,107.973114,36.0714149],"rotationMatrix":[0.55565089,-0.831415713,0,0.831415713,0.55565089,0,0,0,1],"scale":1.34907174,"type":"Juniper_bush_small_01"},
{"pos":[-356.176208,101.805336,36.4197922],"rotationMatrix":[0.94811815,-0.317918241,0,0.317918241,0.94811815,0,0,0,1],"scale":1.3508569,"type":"Juniper_bush_small_01"},
{"pos":[-379.334869,83.119957,28.0244446],"rotationMatrix":[0.773970068,0.633222163,0,-0.633222163,0.773970068,0,0,0,1],"scale":1.55235147,"type":"Juniper_bush_small_01"},
{"pos":[-380.141907,83.9719009,27.2279415],"rotationMatrix":[0.516788244,0.856113255,0,-0.856113255,0.516788244,0,0,0,1],"scale":1.33625114,"type":"Juniper_bush_small_01"},
{"pos":[-371.637482,5.43573856,28.2465286],"rotationMatrix":[-0.934109509,0.356986582,0,-0.356986582,-0.934109509,0,0,0,1],"scale":1.5194968,"type":"Juniper_bush_small_01"},
{"pos":[-364.987915,2.60285425,33.647953],"rotationMatrix":[0.912603021,0.408846825,0,-0.408846825,0.912603021,0,0,0,1],"scale":1.35043764,"type":"Juniper_bush_small_01"},
{"pos":[-360.886963,18.7812996,31.7658539],"rotationMatrix":[0.425466627,0.904974103,0,-0.904974103,0.425466627,0,0,0,1],"scale":1.26052392,"type":"Juniper_bush_small_01"},
{"pos":[-361.066223,21.6903057,32.2267342],"rotationMatrix":[-0.281648427,-0.959517658,0,0.959517658,-0.281648427,0,0,0,1],"scale":1.40450823,"type":"Juniper_bush_small_01"},
{"pos":[-360.203705,22.3577538,32.6954498],"rotationMatrix":[-0.874061823,0.485814661,0,-0.485814661,-0.874061823,0,0,0,1],"scale":1.35983229,"type":"Juniper_bush_small_01"},
{"pos":[-358.403778,17.3421059,32.9207191],"rotationMatrix":[-0.0492468737,0.998786628,0,-0.998786628,-0.0492468737,0,0,0,1],"scale":1.61597741,"type":"Juniper_bush_small_01"},
{"pos":[-360.532257,19.9654064,32.0737762],"rotationMatrix":[-0.0645650476,0.99791348,0,-0.99791348,-0.0645650476,0,0,0,1],"scale":1.3869642,"type":"Juniper_bush_small_01"},
{"pos":[-363.099945,17.5821648,30.6027374],"rotationMatrix":[0.921095788,-0.38933599,0,0.38933599,0.921095788,0,0,0,1],"scale":1.34300184,"type":"Juniper_bush_small_01"},
{"pos":[-365.455444,12.9112568,30.2368088],"rotationMatrix":[0.904490948,-0.42649287,0,0.42649287,0.904490948,0,0,0,1],"scale":1.44750023,"type":"Juniper_bush_small_01"},
{"pos":[-366.264954,15.281271,29.9090767],"rotationMatrix":[0.705803335,0.708407879,0,-0.708407879,0.705803335,0,0,0,1],"scale":1.67741835,"type":"Juniper_bush_small_01"},
{"pos":[-365.966248,19.0635719,29.9667625],"rotationMatrix":[-0.722621202,-0.691244245,0,0.691244245,-0.722621202,0,0,0,1],"scale":1.29086924,"type":"Juniper_bush_small_01"},
{"pos":[-360.612793,-5.09438372,35.4864502],"rotationMatrix":[0.755367041,0.655301929,0,-0.655301929,0.755367041,0,0,0,1],"scale":1.43369174,"type":"Juniper_bush_small_01"},
{"pos":[-362.998047,-7.94017601,34.7472916],"rotationMatrix":[0.987467587,-0.157821834,0,0.157821834,0.987467587,0,0,0,1],"scale":1.42388034,"type":"Juniper_bush_small_01"},
{"pos":[-364.652649,-8.86042976,34.5484085],"rotationMatrix":[-0.485490233,-0.874242067,0,0.874242067,-0.485490233,0,0,0,1],"scale":1.75212085,"type":"Juniper_bush_small_01"},
{"pos":[-364.253143,-8.38581467,34.547226],"rotationMatrix":[0.260424793,-0.965494156,0,0.965494156,0.260424793,0,0,0,1],"scale":1.6091702,"type":"Juniper_bush_small_01"},
{"pos":[-368.620575,-5.00771999,33.6612473],"rotationMatrix":[0.0359143391,0.999354899,0,-0.999354899,0.0359143391,0,0,0,1],"scale":1.47042084,"type":"Juniper_bush_small_01"},
{"pos":[-374.611938,-6.96610928,32.2701149],"rotationMatrix":[0.999836445,0.0180862267,0,-0.0180862267,0.999836445,0,0,0,1],"scale":1.38324332,"type":"Juniper_bush_small_01"},
{"pos":[-370.818359,-4.58889771,33.0613632],"rotationMatrix":[-0.341993809,-0.939702213,0,0.939702213,-0.341993809,0,0,0,1],"scale":1.34113681,"type":"Juniper_bush_small_01"},
{"pos":[-375.798645,128.463501,35.8441162],"rotationMatrix":[0.737891734,0.674919069,0,-0.674919069,0.737891734,0,0,0,1],"scale":1.51884151,"type":"Juniper_bush_small_01"},
{"pos":[-375.728119,129.040421,36.0368729],"rotationMatrix":[-0.169983819,-0.98544687,0,0.98544687,-0.169983819,0,0,0,1],"scale":1.54952025,"type":"Juniper_bush_small_01"},
{"pos":[-376.081482,130.420227,35.9926262],"rotationMatrix":[-0.842521846,0.538662195,0,-0.538662195,-0.842521846,0,0,0,1],"scale":1.49871445,"type":"Juniper_bush_small_01"},
{"pos":[-376.143616,129.72905,35.6732826],"rotationMatrix":[-0.190001294,-0.981783867,0,0.981783867,-0.190001294,0,0,0,1],"scale":1.6737783,"type":"Juniper_bush_small_01"},
{"pos":[-394.82666,-123.386299,33.8871193],"rotationMatrix":[0.904806316,0.425823301,0,-0.425823301,0.904806316,0,0,0,1],"scale":1.38316989,"type":"Juniper_bush_small_01"},
{"pos":[-397.133698,-121.821457,32.648674],"rotationMatrix":[0.471684694,-0.881767273,0,0.881767273,0.471684694,0,0,0,1],"scale":1.76669669,"type":"Juniper_bush_small_01"},
{"pos":[-396.123688,-122.05555,33.0889015],"rotationMatrix":[-0.792246401,0.610201359,0,-0.610201359,-0.792246401,0,0,0,1],"scale":1.63363302,"type":"Juniper_bush_small_01"},
{"pos":[-400.221039,-105.118301,31.5211391],"rotationMatrix":[0.891728878,-0.452570051,0,0.452570051,0.891728878,0,0,0,1],"scale":1.51050115,"type":"Juniper_bush_small_01"},
{"pos":[-400.973694,-102.604195,31.1485939],"rotationMatrix":[0.97323364,-0.229817867,0,0.229817867,0.97323364,0,0,0,1],"scale":1.78477252,"type":"Juniper_bush_small_01"},
{"pos":[-403.579742,-97.9191284,30.0255871],"rotationMatrix":[-0.0295114461,0.999564469,0,-0.999564469,-0.0295114461,0,0,0,1],"scale":1.61335802,"type":"Juniper_bush_small_01"},
{"pos":[-402.713623,-94.1418304,29.4057999],"rotationMatrix":[0.0975542665,0.995230198,0,-0.995230198,0.0975542665,0,0,0,1],"scale":1.37262297,"type":"Juniper_bush_small_01"},
{"pos":[-404.185516,-96.3290329,29.6120529],"rotationMatrix":[0.00582425063,-0.999983013,0,0.999983013,0.00582425063,0,0,0,1],"scale":1.78682697,"type":"Juniper_bush_small_01"},
{"pos":[-397.219574,-90.0351181,30.7111912],"rotationMatrix":[0.591871738,0.806032181,0,-0.806032181,0.591871738,0,0,0,1],"scale":1.73762059,"type":"Juniper_bush_small_01"},
{"pos":[-403.544678,-92.16745,29.1636467],"rotationMatrix":[-0.146735594,0.989175737,0,-0.989175737,-0.146735594,0,0,0,1],"scale":1.65341783,"type":"Juniper_bush_small_01"},
{"pos":[-395.629089,-82.8631363,29.1515694],"rotationMatrix":[0.992047489,-0.125864312,0,0.125864312,0.992047489,0,0,0,1],"scale":1.30590034,"type":"Juniper_bush_small_01"},
{"pos":[-398.25293,-85.5329895,28.9553413],"rotationMatrix":[0.400925696,0.916110575,0,-0.916110575,0.400925696,0,0,0,1],"scale":1.28496671,"type":"Juniper_bush_small_01"},
{"pos":[-396.045502,-81.4179077,28.9963646],"rotationMatrix":[-0.372034878,0.928218722,0,-0.928218722,-0.372034878,0,0,0,1],"scale":1.33552098,"type":"Juniper_bush_small_01"},
{"pos":[-401.943451,-80.2100906,28.1552925],"rotationMatrix":[0.00376081769,0.999992907,0,-0.999992907,0.00376081769,0,0,0,1],"scale":1.58899367,"type":"Juniper_bush_small_01"},
{"pos":[-395.001801,-73.999176,30.1162128],"rotationMatrix":[-0.420500457,-0.907292306,0,0.907292306,-0.420500457,0,0,0,1],"scale":1.54393864,"type":"Juniper_bush_small_01"},
{"pos":[-398.792816,-69.6874695,28.8742638],"rotationMatrix":[-0.856577575,-0.516018212,0,0.516018212,-0.856577575,0,0,0,1],"scale":1.47016549,"type":"Juniper_bush_small_01"},
{"pos":[-398.17276,-70.3083572,28.7245483],"rotationMatrix":[-0.00772801088,0.999970138,0,-0.999970138,-0.00772801088,0,0,0,1],"scale":1.73959124,"type":"Juniper_bush_small_01"},
{"pos":[-397.10321,-70.3849258,28.8756599],"rotationMatrix":[0.767809331,0.640678406,0,-0.640678406,0.767809331,0,0,0,1],"scale":1.50810325,"type":"Juniper_bush_small_01"},
{"pos":[-393.509491,-59.5491142,29.601017],"rotationMatrix":[0.854283988,0.519806564,0,-0.519806564,0.854283988,0,0,0,1],"scale":1.30082834,"type":"Juniper_bush_small_01"},
{"pos":[-394.344971,-61.8125534,29.5275307],"rotationMatrix":[0.100718156,0.994915009,0,-0.994915009,0.100718156,0,0,0,1],"scale":1.71545625,"type":"Juniper_bush_small_01"},
{"pos":[-389.898346,-58.692028,31.1413136],"rotationMatrix":[-0.251431078,-0.967875183,0,0.967875183,-0.251431078,0,0,0,1],"scale":1.67713547,"type":"Juniper_bush_small_01"},
{"pos":[-391.632446,-55.5089798,29.8479977],"rotationMatrix":[-0.402905405,-0.915241599,0,0.915241599,-0.402905405,0,0,0,1],"scale":1.41240859,"type":"Juniper_bush_small_01"},
{"pos":[-388.999695,-51.7139244,30.1656303],"rotationMatrix":[0.55276382,0.833337963,0,-0.833337963,0.55276382,0,0,0,1],"scale":1.64198494,"type":"Juniper_bush_small_01"},
{"pos":[-390.823029,-48.8585548,29.2635288],"rotationMatrix":[-0.99971658,0.023807032,0,-0.023807032,-0.99971658,0,0,0,1],"scale":1.54625082,"type":"Juniper_bush_small_01"},
