[
{"pos":[120.558624,28.5093708,33.1847687],"rotationMatrix":[0.245105684,0.969496369,0,-0.969496369,0.245105684,0,0,0,1],"scale":0.735731363,"type":"maritime_pine_bush"},
{"pos":[128.819809,30.0202789,33.0618362],"rotationMatrix":[0.971868098,-0.235525757,0,0.235525757,0.971868098,0,0,0,1],"scale":0.931930661,"type":"maritime_pine_bush"},
{"pos":[154.877274,228.928131,36.6988831],"rotationMatrix":[-0.5542413,-0.832356036,0,0.832356036,-0.5542413,0,0,0,1],"scale":0.995729923,"type":"maritime_pine_bush"},
{"pos":[140.199219,213.823273,39.7942963],"rotationMatrix":[-0.197819918,0.980238378,0,-0.980238378,-0.197819918,0,0,0,1],"scale":0.849055171,"type":"maritime_pine_bush"},
{"pos":[165.29039,222.435059,37.0382195],"rotationMatrix":[-0.264357924,-0.96442461,0,0.96442461,-0.264357924,0,0,0,1],"scale":1.00149274,"type":"maritime_pine_bush"},
{"pos":[208.532379,269.706238,37.7888527],"rotationMatrix":[-0.596059144,-0.802940547,0,0.802940547,-0.596059144,0,0,0,1],"scale":0.892835855,"type":"maritime_pine_bush"},
{"pos":[201.486374,309.135986,34.4842453],"rotationMatrix":[-0.301909775,-0.953336477,0,0.953336477,-0.301909775,0,0,0,1],"scale":1.15390229,"type":"maritime_pine_bush"},
{"pos":[202.542847,292.564911,35.9292336],"rotationMatrix":[0.491148889,0.87107563,0,-0.87107563,0.491148889,0,0,0,1],"scale":0.715448201,"type":"maritime_pine_bush"},
{"pos":[218.638504,290.14151,36.7780075],"rotationMatrix":[0.917402804,0.397959948,0,-0.397959948,0.917402804,0,0,0,1],"scale":1.22429168,"type":"maritime_pine_bush"},
{"pos":[226.299286,307.367798,31.6060371],"rotationMatrix":[0.0254389141,0.999676406,0,-0.999676406,0.0254389141,0,0,0,1],"scale":0.95113194,"type":"maritime_pine_bush"},
{"pos":[269.957031,271.612946,32.4575233],"rotationMatrix":[0.138628408,-0.990344465,0,0.990344465,0.138628408,0,0,0,1],"scale":0.749614239,"type":"maritime_pine_bush"},
{"pos":[245.462936,157.784805,34.4215698],"rotationMatrix":[0.859202564,0.511635542,0,-0.511635542,0.859202564,0,0,0,1],"scale":0.785740972,"type":"maritime_pine_bush"},
{"pos":[268.532654,126.200989,33.7779083],"rotationMatrix":[0.469989389,-0.882672071,0,0.882672071,0.469989389,0,0,0,1],"scale":0.794231534,"type":"maritime_pine_bush"},
{"pos":[198.988434,142.931839,34.1535378],"rotationMatrix":[0.133057609,0.991108298,0,-0.991108298,0.133057609,0,0,0,1],"scale":1.0662415,"type":"maritime_pine_bush"},
{"pos":[173.526138,142.718323,39.2418938],"rotationMatrix":[0.357345551,-0.933972239,0,0.933972239,0.357345551,0,0,0,1],"scale":0.780389488,"type":"maritime_pine_bush"},
{"pos":[200.613449,83.146759,30.952755],"rotationMatrix":[0.965807438,-0.259260446,0,0.259260446,0.965807438,0,0,0,1],"scale":0.711714327,"type":"maritime_pine_bush"},
{"pos":[201.438828,72.2848663,32.6167107],"rotationMatrix":[0.940848053,-0.338828802,0,0.338828802,0.940848053,0,0,0,1],"scale":1.15533626,"type":"maritime_pine_bush"},
{"pos":[199.657333,69.8338547,32.6690483],"rotationMatrix":[-0.855600476,0.517636776,0,-0.517636776,-0.855600476,0,0,0,1],"scale":0.871494174,"type":"maritime_pine_bush"},
{"pos":[207.093842,49.8980904,38.4925117],"rotationMatrix":[0.611963749,0.790885806,0,-0.790885806,0.611963749,0,0,0,1],"scale":0.827652574,"type":"maritime_pine_bush"},
{"pos":[179.171997,95.858139,32.2164001],"rotationMatrix":[0.26337254,-0.964694202,0,0.964694202,0.26337254,0,0,0,1],"scale":0.888678908,"type":"maritime_pine_bush"},
{"pos":[157.485855,82.2210846,34.5158539],"rotationMatrix":[0.999741375,0.0227425192,0,-0.0227425192,0.999741375,0,0,0,1],"scale":0.718968213,"type":"maritime_pine_bush"},
{"pos":[142.773483,90.5669098,37.5221786],"rotationMatrix":[0.94801259,0.318232775,0,-0.318232775,0.94801259,0,0,0,1],"scale":1.20089483,"type":"maritime_pine_bush"},
{"pos":[82.2791901,41.2803078,37.275753],"rotationMatrix":[0.158793628,0.98731178,0,-0.98731178,0.158793628,0,0,0,1],"scale":1.18321562,"type":"maritime_pine_bush"},
{"pos":[118.838814,33.4090843,33.5348206],"rotationMatrix":[-0.88115561,0.472826391,0,-0.472826391,-0.88115561,0,0,0,1],"scale":1.09353399,"type":"maritime_pine_bush"},
{"pos":[228.344391,-41.4490395,43.3000374],"rotationMatrix":[-0.513361514,0.858172417,0,-0.858172417,-0.513361514,0,0,0,1],"scale":0.724670589,"type":"maritime_pine_bush"},
{"pos":[355.635925,-93.7694321,33.1502762],"rotationMatrix":[0.699059427,0.715063632,0,-0.715063632,0.699059427,0,0,0,1],"scale":0.755492568,"type":"maritime_pine_bush"},
{"pos":[361.104004,-55.4552536,32.4237328],"rotationMatrix":[0.187523797,0.982260048,0,-0.982260048,0.187523797,0,0,0,1],"scale":0.883877754,"type":"maritime_pine_bush"},
{"pos":[350.69989,-11.2596073,31.6613903],"rotationMatrix":[-0.775964439,-0.630776644,0,0.630776644,-0.775964439,0,0,0,1],"scale":0.859763622,"type":"maritime_pine_bush"},
{"pos":[295.69046,0.961999893,36.0911293],"rotationMatrix":[0.999998271,0.0018489986,0,-0.0018489986,0.999998271,0,0,0,1],"scale":1.01087248,"type":"maritime_pine_bush"},
{"pos":[317.008789,-79.6063538,37.1971817],"rotationMatrix":[-0.641166925,-0.767401457,0,0.767401457,-0.641166925,0,0,0,1],"scale":0.878552556,"type":"maritime_pine_bush"},
{"pos":[323.5625,-91.4403458,36.2895012],"rotationMatrix":[0.517050266,-0.855955064,0,0.855955064,0.517050266,0,0,0,1],"scale":0.726911008,"type":"maritime_pine_bush"},
{"pos":[332.264557,-91.9624557,35.4969902],"rotationMatrix":[0.990185976,-0.139756143,0,0.139756143,0.990185976,0,0,0,1],"scale":1.08049095,"type":"maritime_pine_bush"},
{"pos":[346.145355,-116.859596,34.752594],"rotationMatrix":[0.341810822,0.939768791,0,-0.939768791,0.341810822,0,0,0,1],"scale":1.10526788,"type":"maritime_pine_bush"},
{"pos":[344.723236,-150.648224,35.803688],"rotationMatrix":[-0.999700427,0.0244765542,0,-0.0244765542,-0.999700427,0,0,0,1],"scale":1.04687572,"type":"maritime_pine_bush"},
{"pos":[332.692535,-152.160431,37.4680023],"rotationMatrix":[0.00458544493,-0.99998951,0,0.99998951,0.00458544493,0,0,0,1],"scale":1.14402187,"type":"maritime_pine_bush"},
{"pos":[336.563934,-170.766403,36.9276428],"rotationMatrix":[-0.226023674,-0.974121809,0,0.974121809,-0.226023674,0,0,0,1],"scale":1.11041117,"type":"maritime_pine_bush"},
{"pos":[338.278259,-176.148544,36.5138931],"rotationMatrix":[0.248975933,-0.968509674,0,0.968509674,0.248975933,0,0,0,1],"scale":0.924653232,"type":"maritime_pine_bush"},
{"pos":[330.7034,-219.369141,33.9704475],"rotationMatrix":[0.970795453,0.239908621,0,-0.239908621,0.970795453,0,0,0,1],"scale":1.08767104,"type":"maritime_pine_bush"},
{"pos":[322.282898,-207.192108,35.9572754],"rotationMatrix":[-0.808344245,-0.58871007,0,0.58871007,-0.808344245,0,0,0,1],"scale":1.13592362,"type":"maritime_pine_bush"},
{"pos":[288.778564,-204.935349,40.9727173],"rotationMatrix":[0.99374938,0.111634076,0,-0.111634076,0.99374938,0,0,0,1],"scale":0.914473057,"type":"maritime_pine_bush"},
{"pos":[263.811707,-202.725204,43.5874062],"rotationMatrix":[-0.999447346,-0.0332414955,0,0.0332414955,-0.999447346,0,0,0,1],"scale":0.785186827,"type":"maritime_pine_bush"},
{"pos":[317.483948,-242.255981,33.5376129],"rotationMatrix":[0.831504285,0.555518329,0,-0.555518329,0.831504285,0,0,0,1],"scale":1.230901,"type":"maritime_pine_bush"},
{"pos":[307.26059,-247.68277,34.9264755],"rotationMatrix":[-0.99531579,0.0966773108,0,-0.0966773108,-0.99531579,0,0,0,1],"scale":0.915747404,"type":"maritime_pine_bush"},
{"pos":[312.416992,-243.880768,34.1895981],"rotationMatrix":[0.680586159,0.732668042,0,-0.732668042,0.680586159,0,0,0,1],"scale":1.14783168,"type":"maritime_pine_bush"},
{"pos":[295.651581,-250.287338,37.0148773],"rotationMatrix":[-0.917208612,-0.39840728,0,0.39840728,-0.917208612,0,0,0,1],"scale":0.726489246,"type":"maritime_pine_bush"},
{"pos":[283.32431,-244.490463,39.7779617],"rotationMatrix":[0.542492688,-0.840060532,0,0.840060532,0.542492688,0,0,0,1],"scale":0.988001227,"type":"maritime_pine_bush"},
{"pos":[284.916138,-251.530472,39.6474037],"rotationMatrix":[-0.996189177,-0.087219052,0,0.087219052,-0.996189177,0,0,0,1],"scale":0.95831883,"type":"maritime_pine_bush"},
{"pos":[249.883636,-292.641296,36.6958771],"rotationMatrix":[0.993139207,-0.11693795,0,0.11693795,0.993139207,0,0,0,1],"scale":1.12913465,"type":"maritime_pine_bush"},
{"pos":[268.939148,-292.545593,36.072834],"rotationMatrix":[0.644546807,-0.764564872,0,0.764564872,0.644546807,0,0,0,1],"scale":1.20020831,"type":"maritime_pine_bush"},
{"pos":[303.771851,-295.806854,31.7917824],"rotationMatrix":[-0.934871197,0.354987174,0,-0.354987174,-0.934871197,0,0,0,1],"scale":0.834681749,"type":"maritime_pine_bush"},
{"pos":[335.551025,-269.035675,26.8357315],"rotationMatrix":[0.328993917,0.944332063,0,-0.944332063,0.328993917,0,0,0,1],"scale":1.01451349,"type":"maritime_pine_bush"},
{"pos":[167.078857,288.403381,40.0144119],"rotationMatrix":[0.890754402,0.454484999,0,-0.454484999,0.890754402,0,0,0,1],"scale":1.13964188,"type":"maritime_pine_bush"},
{"pos":[130.015289,320.834412,36.6607552],"rotationMatrix":[0.720497608,0.693457425,0,-0.693457425,0.720497608,0,0,0,1],"scale":1.03312182,"type":"maritime_pine_bush"},
{"pos":[85.3647995,184.591385,42.2826958],"rotationMatrix":[0.98357898,0.180478185,0,-0.180478185,0.98357898,0,0,0,1],"scale":0.858077347,"type":"maritime_pine_bush"},
{"pos":[93.5421524,189.04747,41.7480469],"rotationMatrix":[-0.927910209,-0.372803718,0,0.372803718,-0.927910209,0,0,0,1],"scale":0.701236784,"type":"maritime_pine_bush"},
{"pos":[104.33564,195.194931,41.9262123],"rotationMatrix":[-0.567914009,-0.823087931,0,0.823087931,-0.567914009,0,0,0,1],"scale":0.745470703,"type":"maritime_pine_bush"},
{"pos":[139.126648,197.43428,43.2259941],"rotationMatrix":[-0.914762378,-0.403992355,0,0.403992355,-0.914762378,0,0,0,1],"scale":0.764214575,"type":"maritime_pine_bush"},
{"pos":[142.031967,230.668655,37.5729561],"rotationMatrix":[-0.972381413,0.233397558,0,-0.233397558,-0.972381413,0,0,0,1],"scale":0.79339385,"type":"maritime_pine_bush"},
{"pos":[68.5964966,-334.38739,38.3114204],"rotationMatrix":[-0.59856534,-0.801073968,0,0.801073968,-0.59856534,0,0,0,1],"scale":1.05908334,"type":"maritime_pine_bush"},
{"pos":[92.1751022,-340.127686,36.6081696],"rotationMatrix":[-0.184339389,-0.982862651,0,0.982862651,-0.184339389,0,0,0,1],"scale":1.26992953,"type":"maritime_pine_bush"},
{"pos":[99.3133011,-336.971832,36.9668236],"rotationMatrix":[0.0733935311,-0.997303069,0,0.997303069,0.0733935311,0,0,0,1],"scale":0.93910104,"type":"maritime_pine_bush"},
{"pos":[-333.214478,-51.0251312,38.7996902],"rotationMatrix":[-0.655778646,0.754953206,0,-0.754953206,-0.655778646,0,0,0,1],"scale":1.23556805,"type":"maritime_pine_bush"},
{"pos":[-338.67807,-47.7915878,38.8918381],"rotationMatrix":[-0.924200475,0.381907731,0,-0.381907731,-0.924200475,0,0,0,1],"scale":1.04203534,"type":"maritime_pine_bush"},
{"pos":[-347.858948,-63.5102081,38.7934341],"rotationMatrix":[0.263260007,0.964724898,0,-0.964724898,0.263260007,0,0,0,1],"scale":0.975207806,"type":"maritime_pine_bush"},
{"pos":[-350.706909,-61.1903534,37.8752327],"rotationMatrix":[-0.0951033086,0.995467424,0,-0.995467424,-0.0951033086,0,0,0,1],"scale":0.889229655,"type":"maritime_pine_bush"},
{"pos":[-355.227417,-30.5558643,35.7376022],"rotationMatrix":[0.953437388,0.301591098,0,-0.301591098,0.953437388,0,0,0,1],"scale":1.07775807,"type":"maritime_pine_bush"},
{"pos":[-367.809204,-51.5202484,35.8633347],"rotationMatrix":[-0.229036123,-0.973417938,0,0.973417938,-0.229036123,0,0,0,1],"scale":0.901362658,"type":"maritime_pine_bush"},
{"pos":[-370.120483,-53.1662827,35.6698799],"rotationMatrix":[-0.996434629,0.0843682811,0,-0.0843682811,-0.996434629,0,0,0,1],"scale":0.802055955,"type":"maritime_pine_bush"},
{"pos":[-356.000427,-172.693756,42.6377411],"rotationMatrix":[-0.824409783,-0.565993428,0,0.565993428,-0.824409783,0,0,0,1],"scale":1.29102206,"type":"maritime_pine_bush"},
{"pos":[-324.887848,-328.932343,34.5070648],"rotationMatrix":[0.76802063,-0.640425146,0,0.640425146,0.76802063,0,0,0,1],"scale":1.02756476,"type":"maritime_pine_bush"},
{"pos":[-271.022186,-334.834381,34.1396103],"rotationMatrix":[0.574947238,-0.818190455,0,0.818190455,0.574947238,0,0,0,1],"scale":1.28496063,"type":"maritime_pine_bush"},
{"pos":[-284.566254,-311.327789,36.1657104],"rotationMatrix":[0.911960661,-0.410277605,0,0.410277605,0.911960661,0,0,0,1],"scale":1.01680791,"type":"maritime_pine_bush"},
{"pos":[-298.263885,-282.779755,37.9849167],"rotationMatrix":[-0.194256514,-0.980950773,0,0.980950773,-0.194256514,0,0,0,1],"scale":1.26868486,"type":"maritime_pine_bush"},
{"pos":[-299.307159,-320.185394,36.003479],"rotationMatrix":[-0.945834517,-0.324649096,0,0.324649096,-0.945834517,0,0,0,1],"scale":0.871973872,"type":"maritime_pine_bush"},
{"pos":[-304.532379,-323.628998,35.5957069],"rotationMatrix":[-0.938943744,0.344070643,0,-0.344070643,-0.938943744,0,0,0,1],"scale":0.981668353,"type":"maritime_pine_bush"},
{"pos":[-301.668213,-347.483215,33.2601852],"rotationMatrix":[-0.211890116,0.977293491,0,-0.977293491,-0.211890116,0,0,0,1],"scale":0.960754037,"type":"maritime_pine_bush"},
{"pos":[-301.00351,-339.063965,34.2421761],"rotationMatrix":[0.170550048,-0.985349,0,0.985349,0.170550048,0,0,0,1],"scale":0.71682173,"type":"maritime_pine_bush"},
{"pos":[-254.391556,-357.591766,32.302227],"rotationMatrix":[0.756102145,0.654453635,0,-0.654453635,0.756102145,0,0,0,1],"scale":0.837131977,"type":"maritime_pine_bush"},
{"pos":[-272.908966,-354.64975,32.3407021],"rotationMatrix":[-0.944713056,0.327898204,0,-0.327898204,-0.944713056,0,0,0,1],"scale":0.912552595,"type":"maritime_pine_bush"},
{"pos":[-264.333069,-347.353821,32.9347992],"rotationMatrix":[0.997948229,0.0640257522,0,-0.0640257522,0.997948229,0,0,0,1],"scale":1.16557407,"type":"maritime_pine_bush"},
{"pos":[-248.81337,-332.260284,36.4565086],"rotationMatrix":[0.885948241,-0.463784099,0,0.463784099,0.885948241,0,0,0,1],"scale":0.87836659,"type":"maritime_pine_bush"},
{"pos":[-224.947098,-359.406952,35.1424713],"rotationMatrix":[0.138882339,-0.990308881,0,0.990308881,0.138882339,0,0,0,1],"scale":0.991923451,"type":"maritime_pine_bush"},
{"pos":[-240.591766,-360.38855,33.337265],"rotationMatrix":[-0.69111526,0.722744584,0,-0.722744584,-0.69111526,0,0,0,1],"scale":0.986063063,"type":"maritime_pine_bush"},
{"pos":[-238.956284,-346.471466,34.8368454],"rotationMatrix":[-0.331135035,-0.943583369,0,0.943583369,-0.331135035,0,0,0,1],"scale":1.27275527,"type":"maritime_pine_bush"},
{"pos":[-236.324066,-336.089996,36.3498611],"rotationMatrix":[-0.163389578,0.986561656,0,-0.986561656,-0.163389578,0,0,0,1],"scale":1.15689099,"type":"maritime_pine_bush"},
{"pos":[12.0135155,-194.831299,83.0049896],"rotationMatrix":[0.104767427,-0.994496763,0,0.994496763,0.104767427,0,0,0,1],"scale":1.06688058,"type":"maritime_pine_bush"},
{"pos":[4.3037281,-189.228058,87.3813248],"rotationMatrix":[-0.212314174,0.977201462,0,-0.977201462,-0.212314174,0,0,0,1],"scale":1.13890195,"type":"maritime_pine_bush"},
{"pos":[-29.7648449,-244.698746,92.3947601],"rotationMatrix":[-0.69798559,0.716111839,0,-0.716111839,-0.69798559,0,0,0,1],"scale":1.0102483,"type":"maritime_pine_bush"},
{"pos":[-68.6995697,-236.198242,86.4560623],"rotationMatrix":[-0.933864295,-0.357627511,0,0.357627511,-0.933864295,0,0,0,1],"scale":0.924861252,"type":"maritime_pine_bush"},
{"pos":[-57.250061,-238.352371,89.4223022],"rotationMatrix":[0.826326668,0.563191116,0,-0.563191116,0.826326668,0,0,0,1],"scale":0.876633704,"type":"maritime_pine_bush"},
{"pos":[-57.8307533,-230.016113,91.951416],"rotationMatrix":[0.181850225,-0.983326256,0,0.983326256,0.181850225,0,0,0,1],"scale":0.965842366,"type":"maritime_pine_bush"},
{"pos":[-66.0471573,-237.331696,86.5000763],"rotationMatrix":[0.999627352,0.0272982214,0,-0.0272982214,0.999627352,0,0,0,1],"scale":1.00771213,"type":"maritime_pine_bush"},
{"pos":[-72.2804031,-232.437408,87.9176483],"rotationMatrix":[-0.138300046,-0.99039036,0,0.99039036,-0.138300046,0,0,0,1],"scale":1.08896375,"type":"maritime_pine_bush"},
{"pos":[-75.7991791,-236.47287,84.801033],"rotationMatrix":[-0.829550505,0.558431745,0,-0.558431745,-0.829550505,0,0,0,1],"scale":1.19851685,"type":"maritime_pine_bush"},
{"pos":[-73.1896515,-229.919617,89.2395935],"rotationMatrix":[0.921244562,-0.388983935,0,0.388983935,0.921244562,0,0,0,1],"scale":0.901682436,"type":"maritime_pine_bush"},
{"pos":[-84.7132721,-241.496765,77.568306],"rotationMatrix":[0.999730825,0.0232001636,0,-0.0232001636,0.999730825,0,0,0,1],"scale":0.759071589,"type":"maritime_pine_bush"},
{"pos":[-81.4752045,-225.195831,92.1425858],"rotationMatrix":[0.905292153,-0.424789488,0,0.424789488,0.905292153,0,0,0,1],"scale":0.876387119,"type":"maritime_pine_bush"},
{"pos":[-109.905106,-265.938568,63.3801193],"rotationMatrix":[0.922959328,-0.384897441,0,0.384897441,0.922959328,0,0,0,1],"scale":1.17059553,"type":"maritime_pine_bush"},
{"pos":[-94.6735229,-260.795959,66.880806],"rotationMatrix":[-0.219239086,0.975671172,0,-0.975671172,-0.219239086,0,0,0,1],"scale":1.07918763,"type":"maritime_pine_bush"},
{"pos":[-116.002449,-260.734039,64.3324814],"rotationMatrix":[0.758191943,0.652031422,0,-0.652031422,0.758191943,0,0,0,1],"scale":1.19243646,"type":"maritime_pine_bush"},
{"pos":[-145.97847,-256.185028,60.3730545],"rotationMatrix":[0.558921754,-0.829220355,0,0.829220355,0.558921754,0,0,0,1],"scale":1.2175504,"type":"maritime_pine_bush"},
{"pos":[-156.776001,-245.995178,59.3696709],"rotationMatrix":[0.821391881,-0.570364237,0,0.570364237,0.821391881,0,0,0,1],"scale":0.793234587,"type":"maritime_pine_bush"},
{"pos":[-171.858414,-236.873718,57.1538734],"rotationMatrix":[0.945560813,-0.325445443,0,0.325445443,0.945560813,0,0,0,1],"scale":1.00696087,"type":"maritime_pine_bush"},
{"pos":[-175.022034,-234.371094,57.3571854],"rotationMatrix":[-0.408060491,0.912954926,0,-0.912954926,-0.408060491,0,0,0,1],"scale":1.0150491,"type":"maritime_pine_bush"},
{"pos":[-178.000549,-230.439621,58.2535324],"rotationMatrix":[0.341247946,0.939973295,0,-0.939973295,0.341247946,0,0,0,1],"scale":1.00652504,"type":"maritime_pine_bush"},
{"pos":[-180.432724,-215.430176,63.1847458],"rotationMatrix":[0.0871249214,-0.996197402,0,0.996197402,0.0871249214,0,0,0,1],"scale":0.888141751,"type":"maritime_pine_bush"},
{"pos":[-173.575958,-247.978394,54.0719452],"rotationMatrix":[0.0167747773,-0.999859273,0,0.999859273,0.0167747773,0,0,0,1],"scale":0.79059267,"type":"maritime_pine_bush"},
{"pos":[-183.565536,-238.833984,55.0135956],"rotationMatrix":[-0.0842060968,-0.996448338,0,0.996448338,-0.0842060968,0,0,0,1],"scale":1.10062146,"type":"maritime_pine_bush"},
{"pos":[-55.8397255,-327.194672,48.1977882],"rotationMatrix":[0.980798602,-0.195023298,0,0.195023298,0.980798602,0,0,0,1],"scale":1.27156162,"type":"maritime_pine_bush"},
{"pos":[-93.8526764,-313.966003,48.0604935],"rotationMatrix":[-0.787789822,-0.615944147,0,0.615944147,-0.787789822,0,0,0,1],"scale":0.847651899,"type":"maritime_pine_bush"},
{"pos":[162.615219,-224.375763,42.5378342],"rotationMatrix":[0.34489432,-0.938641548,0,0.938641548,0.34489432,0,0,0,1],"scale":0.771404564,"type":"maritime_pine_bush"},
{"pos":[163.293503,-212.005829,43.832943],"rotationMatrix":[0.27662158,-0.960978925,0,0.960978925,0.27662158,0,0,0,1],"scale":1.22447395,"type":"maritime_pine_bush"},
{"pos":[156.495316,-170.096771,50.2771912],"rotationMatrix":[0.356377542,0.934342027,0,-0.934342027,0.356377542,0,0,0,1],"scale":0.982033551,"type":"maritime_pine_bush"},
{"pos":[153.724213,-165.512482,50.8800735],"rotationMatrix":[0.972832739,0.23150903,0,-0.23150903,0.972832739,0,0,0,1],"scale":0.877226591,"type":"maritime_pine_bush"},
{"pos":[116.355179,-144.444168,55.1981583],"rotationMatrix":[0.757625759,0.652689219,0,-0.652689219,0.757625759,0,0,0,1],"scale":0.95743835,"type":"maritime_pine_bush"},
{"pos":[111.960449,-147.841446,55.5848999],"rotationMatrix":[-0.538793027,-0.842438161,0,0.842438161,-0.538793027,0,0,0,1],"scale":0.854912817,"type":"maritime_pine_bush"},
{"pos":[59.8771667,-194.249603,63.1577454],"rotationMatrix":[-0.953075469,-0.302732795,0,0.302732795,-0.953075469,0,0,0,1],"scale":1.06513953,"type":"maritime_pine_bush"},
{"pos":[70.2086182,-191.643845,60.941597],"rotationMatrix":[-0.919173896,-0.393851876,0,0.393851876,-0.919173896,0,0,0,1],"scale":1.07357883,"type":"maritime_pine_bush"},
{"pos":[76.3444138,-189.643616,59.6439362],"rotationMatrix":[-0.0515503399,-0.998670399,0,0.998670399,-0.0515503399,0,0,0,1],"scale":0.94198215,"type":"maritime_pine_bush"},
{"pos":[246.429169,247.790558,39.2355576],"rotationMatrix":[-0.83261776,0.553848028,0,-0.553848028,-0.83261776,0,0,0,1],"scale":1.12038291,"type":"maritime_pine_bush"},
{"pos":[260.663391,232.461517,39.158329],"rotationMatrix":[-0.867132425,0.498077691,0,-0.498077691,-0.867132425,0,0,0,1],"scale":0.708428442,"type":"maritime_pine_bush"},
{"pos":[-42.2374306,-396.567902,39.8227005],"rotationMatrix":[-0.997373581,-0.0724288002,0,0.0724288002,-0.997373581,0,0,0,1],"scale":1.12499905,"type":"maritime_pine_bush"},
{"pos":[-77.6185684,-386.385742,32.7493668],"rotationMatrix":[-0.852123141,0.52329576,-0.00741507672,-0.518394709,-0.842028797,0.149206713,0.0718353689,0.130986527,0.988779664],"scale":1.09944189,"type":"maritime_pine_bush"},
{"pos":[-46.6354828,-371.758392,40.515564],"rotationMatrix":[0.764324903,-0.6448313,0,0.6448313,0.764324903,0,0,0,1],"scale":1.07046163,"type":"maritime_pine_bush"},
{"pos":[-48.4048882,-378.938293,40.1359634],"rotationMatrix":[-0.426562518,-0.904458046,0,0.904458046,-0.426562518,0,0,0,1],"scale":0.956609368,"type":"maritime_pine_bush"},
{"pos":[-46.976902,-381.162781,38.6168556],"rotationMatrix":[-0.999074757,0.0430068299,0,-0.0430068299,-0.999074757,0,0,0,1],"scale":0.948806286,"type":"maritime_pine_bush"},
{"pos":[-58.7786179,-379.148163,39.1938286],"rotationMatrix":[0.264781743,-0.913498521,-0.308885396,0.94577837,0.30850181,-0.101626128,0.188127086,-0.265228778,0.94565326],"scale":0.99512887,"type":"maritime_pine_bush"},
{"pos":[-41.3124352,-333.904999,51.5234261],"rotationMatrix":[0.90104574,0.304279357,0.309079409,-0.28781721,0.952582538,-0.0987279713,-0.324464679,3.1166671e-08,0.945897639],"scale":1.26446092,"type":"maritime_pine_bush"},
{"pos":[-38.2191162,-320.637787,61.6875496],"rotationMatrix":[0.935777068,0.352591723,0,-0.352591723,0.935777068,0,0,0,1],"scale":0.857269943,"type":"maritime_pine_bush"},
{"pos":[-37.2245941,-324.296143,62.7305527],"rotationMatrix":[0.86890918,0.494971514,0,-0.494971514,0.86890918,0,0,0,1],"scale":0.701856554,"type":"maritime_pine_bush"},
{"pos":[-31.4283371,-332.705139,62.9191055],"rotationMatrix":[0.506971002,-0.861964524,0,0.861964524,0.506971002,0,0,0,1],"scale":0.749028444,"type":"maritime_pine_bush"},
{"pos":[-25.4852257,-332.779358,63.8847427],"rotationMatrix":[-0.966418445,0.256973475,0,-0.256973475,-0.966418445,0,0,0,1],"scale":0.902039886,"type":"maritime_pine_bush"},
{"pos":[-32.923851,-327.031433,63.6020737],"rotationMatrix":[0.923770905,-0.382948577,0,0.382948577,0.923770905,0,0,0,1],"scale":0.734215915,"type":"maritime_pine_bush"},
{"pos":[381.871094,182.657227,36.1437988],"rotationMatrix":[-0.92772603,-0.373261839,0,0.373261839,-0.92772603,0,0,0,1],"scale":0.85102123,"type":"maritime_pine_bush"},
{"pos":[353.806,172.263535,29.2910347],"rotationMatrix":[-0.123926692,0.992291391,0,-0.992291391,-0.123926692,0,0,0,1],"scale":0.815018654,"type":"maritime_pine_bush"},
{"pos":[351.478088,171.258224,28.8404236],"rotationMatrix":[-0.347683758,-0.937611878,0,0.937611878,-0.347683758,0,0,0,1],"scale":0.891991615,"type":"maritime_pine_bush"},
{"pos":[307.381226,252.926254,31.9258957],"rotationMatrix":[0.608458102,0.793586016,0,-0.793586016,0.608458102,0,0,0,1],"scale":0.704182148,"type":"maritime_pine_bush"},
{"pos":[201.433304,346.412201,28.517067],"rotationMatrix":[0.906520605,0.422161609,0,-0.422161609,0.906520605,0,0,0,1],"scale":0.719688356,"type":"maritime_pine_bush"},
{"pos":[203.574951,346.593597,27.6743355],"rotationMatrix":[0.758792579,0.651332319,0,-0.651332319,0.758792579,0,0,0,1],"scale":1.14100444,"type":"maritime_pine_bush"},
{"pos":[203.967148,342.456909,27.5864811],"rotationMatrix":[-0.967870593,-0.251448929,0,0.251448929,-0.967870593,0,0,0,1],"scale":1.01946008,"type":"maritime_pine_bush"},
{"pos":[-253.359741,357.828735,32.2265205],"rotationMatrix":[0.51670289,0.856164753,0,-0.856164753,0.51670289,0,0,0,1],"scale":0.844575703,"type":"maritime_pine_bush"},
{"pos":[-273.239532,339.860504,34.8967667],"rotationMatrix":[0.017645115,-0.999844313,0,0.999844313,0.017645115,0,0,0,1],"scale":0.712179005,"type":"maritime_pine_bush"},
{"pos":[-272.107239,337.704102,35.8802795],"rotationMatrix":[0.8889063,0.458089024,0,-0.458089024,0.8889063,0,0,0,1],"scale":1.15344834,"type":"maritime_pine_bush"},
{"pos":[-267.796387,341.073975,35.0853729],"rotationMatrix":[-0.998988509,-0.0449667014,0,0.0449667014,-0.998988509,0,0,0,1],"scale":0.713013232,"type":"maritime_pine_bush"},
{"pos":[-270.646332,341.666687,34.3529854],"rotationMatrix":[0.994104087,0.108430229,0,-0.108430229,0.994104087,0,0,0,1],"scale":0.828751028,"type":"maritime_pine_bush"},
{"pos":[-328.686646,301.575867,40.4157486],"rotationMatrix":[-0.984991014,0.172605634,0,-0.172605634,-0.984991014,0,0,0,1],"scale":0.921402931,"type":"maritime_pine_bush"},
{"pos":[-394.455444,181.880798,31.518425],"rotationMatrix":[-0.355095834,0.934829891,0,-0.934829891,-0.355095834,0,0,0,1],"scale":1.08488393,"type":"maritime_pine_bush"},
{"pos":[-398.373657,189.147949,30.0946445],"rotationMatrix":[-0.865726709,-0.500516951,0,0.500516951,-0.865726709,0,0,0,1],"scale":1.0142262,"type":"maritime_pine_bush"},
{"pos":[-398.97699,183.166107,30.4164467],"rotationMatrix":[0.182213366,-0.983259022,0,0.983259022,0.182213366,0,0,0,1],"scale":0.96267283,"type":"maritime_pine_bush"},
{"pos":[-395.47641,160.445923,34.0993271],"rotationMatrix":[0.999453366,0.0330600739,0,-0.0330600739,0.999453366,0,0,0,1],"scale":1.15661585,"type":"maritime_pine_bush"},
{"pos":[-397.143005,162.111984,33.8123131],"rotationMatrix":[0.362510473,-0.931979716,0,0.931979716,0.362510473,0,0,0,1],"scale":1.26718295,"type":"maritime_pine_bush"},
{"pos":[-359.62912,218.886444,38.2128906],"rotationMatrix":[0.456049174,-0.889954567,0,0.889954567,0.456049174,0,0,0,1],"scale":0.902589798,"type":"maritime_pine_bush"},
{"pos":[-367.085052,219.678268,36.8031158],"rotationMatrix":[-0.984632194,-0.174640924,0,0.174640924,-0.984632194,0,0,0,1],"scale":0.898808122,"type":"maritime_pine_bush"},
{"pos":[-369.529175,210.103882,35.7104721],"rotationMatrix":[-0.989197791,0.14658688,0,-0.14658688,-0.989197791,0,0,0,1],"scale":1.04746509,"type":"maritime_pine_bush"},
{"pos":[-367.280975,200.031387,37.1669426],"rotationMatrix":[-0.284719139,0.958610952,0,-0.958610952,-0.284719139,0,0,0,1],"scale":0.998587489,"type":"maritime_pine_bush"},
{"pos":[-369.141571,201.185532,36.9370499],"rotationMatrix":[-0.0666321442,-0.997777581,0,0.997777581,-0.0666321442,0,0,0,1],"scale":0.835810125,"type":"maritime_pine_bush"},
{"pos":[-363.670532,216.834869,37.3624954],"rotationMatrix":[-0.605368793,-0.795945108,0,0.795945108,-0.605368793,0,0,0,1],"scale":1.11713183,"type":"maritime_pine_bush"},
{"pos":[-350.358795,266.039673,38.4456291],"rotationMatrix":[0.979902327,0.199477851,0,-0.199477851,0.979902327,0,0,0,1],"scale":1.06400943,"type":"maritime_pine_bush"},
{"pos":[-332.229889,268.795502,45.0622253],"rotationMatrix":[0.996900439,0.0786733404,0,-0.0786733404,0.996900439,0,0,0,1],"scale":1.27098751,"type":"maritime_pine_bush"},
{"pos":[-382.089935,119.370392,27.6648827],"rotationMatrix":[0.323437065,0.946249664,0,-0.946249664,0.323437065,0,0,0,1],"scale":0.819811463,"type":"maritime_pine_bush"},
{"pos":[-380.266663,119.88343,28.7925301],"rotationMatrix":[0.60728395,0.794484854,0,-0.794484854,0.60728395,0,0,0,1],"scale":0.749617517,"type":"maritime_pine_bush"},
{"pos":[-380.291077,117.637657,30.4611912],"rotationMatrix":[-0.878424704,-0.477880806,0,0.477880806,-0.878424704,0,0,0,1],"scale":0.832729876,"type":"maritime_pine_bush"},
{"pos":[-364.311279,119.570885,36.5155411],"rotationMatrix":[-0.374688566,0.927150726,0,-0.927150726,-0.374688566,0,0,0,1],"scale":1.07297897,"type":"maritime_pine_bush"},
{"pos":[-370.093933,83.7626114,28.5490341],"rotationMatrix":[-0.343588591,-0.939120293,0,0.939120293,-0.343588591,0,0,0,1],"scale":0.838742316,"type":"maritime_pine_bush"},
{"pos":[-380.1362,96.7729416,27.0875244],"rotationMatrix":[-0.250725001,-0.968058348,0,0.968058348,-0.250725001,0,0,0,1],"scale":0.953393698,"type":"maritime_pine_bush"},
{"pos":[400.789398,239.531845,29.981926],"rotationMatrix":[-0.773651898,0.633610904,0,-0.633610904,-0.773651898,0,0,0,1],"scale":0.821941614,"type":"maritime_pine_bush"},
{"pos":[-367.02655,12.9942703,29.8355694],"rotationMatrix":[0.51007086,-0.860132396,0,0.860132396,0.51007086,0,0,0,1],"scale":0.914492726,"type":"maritime_pine_bush"},
{"pos":[-362.993164,14.344594,30.6074314],"rotationMatrix":[-0.998745978,0.0500649326,0,-0.0500649326,-0.998745978,0,0,0,1],"scale":1.28494477,"type":"maritime_pine_bush"},
{"pos":[-361.456482,13.0499973,31.3131981],"rotationMatrix":[0.593153894,0.805089116,0,-0.805089116,0.593153894,0,0,0,1],"scale":0.878021359,"type":"maritime_pine_bush"},
{"pos":[-359.787598,11.7380381,32.4896126],"rotationMatrix":[0.622680306,0.782476306,0,-0.782476306,0.622680306,0,0,0,1],"scale":0.966390371,"type":"maritime_pine_bush"},
{"pos":[-357.192657,12.2278872,34.1390419],"rotationMatrix":[0.0902579799,-0.995918393,0,0.995918393,0.0902579799,0,0,0,1],"scale":0.856957495,"type":"maritime_pine_bush"},
{"pos":[-357.750702,8.57886696,35.1557045],"rotationMatrix":[0.999997735,0.00212890143,0,-0.00212890143,0.999997735,0,0,0,1],"scale":0.846702516,"type":"maritime_pine_bush"},
{"pos":[-356.494385,7.39630222,36.1311455],"rotationMatrix":[0.942694068,0.333658338,0,-0.333658338,0.942694068,0,0,0,1],"scale":0.716605306,"type":"maritime_pine_bush"},
{"pos":[-354.909912,24.4690571,36.6467896],"rotationMatrix":[0.996767879,0.0803355649,0,-0.0803355649,0.996767879,0,0,0,1],"scale":1.0049758,"type":"maritime_pine_bush"},
{"pos":[-356.748688,25.596262,36.0549698],"rotationMatrix":[-0.958922267,0.283668876,0,-0.283668876,-0.958922267,0,0,0,1],"scale":0.984060168,"type":"maritime_pine_bush"},
{"pos":[-352.360321,20.2608032,36.7639275],"rotationMatrix":[-0.995031357,0.0995622575,0,-0.0995622575,-0.995031357,0,0,0,1],"scale":1.03664136,"type":"maritime_pine_bush"},
{"pos":[-352.83667,15.6186943,36.5386314],"rotationMatrix":[-0.922903419,0.385031611,0,-0.385031611,-0.922903419,0,0,0,1],"scale":1.23071945,"type":"maritime_pine_bush"},
{"pos":[-353.488129,29.5495853,37.6262894],"rotationMatrix":[-0.258071542,-0.966125786,0,0.966125786,-0.258071542,0,0,0,1],"scale":0.87198168,"type":"maritime_pine_bush"},
{"pos":[-396.099304,-17.4676056,30.4190636],"rotationMatrix":[-0.974090755,0.226157486,0,-0.226157486,-0.974090755,0,0,0,1],"scale":0.944252133,"type":"maritime_pine_bush"},
{"pos":[-399.329834,-21.64505,29.2758865],"rotationMatrix":[-0.607187092,-0.794558883,0,0.794558883,-0.607187092,0,0,0,1],"scale":1.20649445,"type":"maritime_pine_bush"},
{"pos":[-381.683929,-33.234993,31.3104706],"rotationMatrix":[0.979684591,-0.200544566,0,0.200544566,0.979684591,0,0,0,1],"scale":0.719018161,"type":"maritime_pine_bush"},
{"pos":[-383.825439,-46.2149658,32.4653969],"rotationMatrix":[0.531937003,0.846783936,0,-0.846783936,0.531937003,0,0,0,1],"scale":0.77760905,"type":"maritime_pine_bush"},
{"pos":[-383.581146,-49.8093376,33.2218513],"rotationMatrix":[0.799400508,0.600798488,0,-0.600798488,0.799400508,0,0,0,1],"scale":0.839538634,"type":"maritime_pine_bush"},
{"pos":[-388.024811,-55.3998566,31.5374146],"rotationMatrix":[0.911547601,-0.411194563,0,0.411194563,0.911547601,0,0,0,1],"scale":0.759688973,"type":"maritime_pine_bush"},
{"pos":[-386.110199,-54.8568726,32.8266106],"rotationMatrix":[0.418581903,-0.908179045,0,0.908179045,0.418581903,0,0,0,1],"scale":0.895334721,"type":"maritime_pine_bush"},
{"pos":[-375.415894,-22.369606,32.2575989],"rotationMatrix":[0.260194063,0.965556324,0,-0.965556324,0.260194063,0,0,0,1],"scale":0.881036401,"type":"maritime_pine_bush"},
{"pos":[-373.248718,-22.0218296,32.6336098],"rotationMatrix":[-0.954008698,-0.299778938,0,0.299778938,-0.954008698,0,0,0,1],"scale":1.13087118,"type":"maritime_pine_bush"},
{"pos":[-377.908875,-20.5765152,31.7935982],"rotationMatrix":[0.762099326,-0.647460163,0,0.647460163,0.762099326,0,0,0,1],"scale":1.06076026,"type":"maritime_pine_bush"},
{"pos":[-394.986755,-23.1638336,30.4849205],"rotationMatrix":[0.94781363,0.318824887,0,-0.318824887,0.94781363,0,0,0,1],"scale":1.26972675,"type":"maritime_pine_bush"},
{"pos":[-392.316162,-21.9059525,30.5688896],"rotationMatrix":[0.655613959,0.755096257,0,-0.755096257,0.655613959,0,0,0,1],"scale":1.1396966,"type":"maritime_pine_bush"},
{"pos":[-394.088715,-30.4272079,29.6757469],"rotationMatrix":[-0.612104774,0.79077667,0,-0.79077667,-0.612104774,0,0,0,1],"scale":1.07235372,"type":"maritime_pine_bush"},
{"pos":[-402.181519,-57.0598907,29.3482399],"rotationMatrix":[0.986363173,0.164583251,0,-0.164583251,0.986363173,0,0,0,1],"scale":0.734646738,"type":"maritime_pine_bush"},
{"pos":[-394.225342,-83.8762131,29.6274757],"rotationMatrix":[0.926365852,-0.376624912,0,0.376624912,0.926365852,0,0,0,1],"scale":1.15602362,"type":"maritime_pine_bush"},
{"pos":[-396.945587,-83.8304596,28.9066582],"rotationMatrix":[0.80149895,0.597996175,0,-0.597996175,0.80149895,0,0,0,1],"scale":1.03940284,"type":"maritime_pine_bush"},
{"pos":[-397.327057,-88.1469803,29.9777412],"rotationMatrix":[-0.0808290765,0.996728003,0,-0.996728003,-0.0808290765,0,0,0,1],"scale":0.725658119,"type":"maritime_pine_bush"},
{"pos":[-408.825958,-59.9796066,28.8289223],"rotationMatrix":[0.0441522188,0.999024808,0,-0.999024808,0.0441522188,0,0,0,1],"scale":1.00042331,"type":"maritime_pine_bush"},
{"pos":[-403.405487,-44.4882431,28.7530003],"rotationMatrix":[-0.604607821,0.796523333,0,-0.796523333,-0.604607821,0,0,0,1],"scale":1.00627339,"type":"maritime_pine_bush"},
{"pos":[-415.239075,-110.659737,31.5324593],"rotationMatrix":[0.856720805,-0.515780449,0,0.515780449,0.856720805,0,0,0,1],"scale":0.994262576,"type":"maritime_pine_bush"},
{"pos":[-410.609131,-127.283752,31.9725914],"rotationMatrix":[0.198279798,-0.980145454,0,0.980145454,0.198279798,0,0,0,1],"scale":1.16216612,"type":"maritime_pine_bush"},
{"pos":[-413.823608,-124.359344,31.4920807],"rotationMatrix":[-0.140250251,0.99011606,0,-0.99011606,-0.140250251,0,0,0,1],"scale":1.03557563,"type":"maritime_pine_bush"},
{"pos":[-411.016693,-134.11235,32.6586113],"rotationMatrix":[-2.00708728e-05,-1,0,1,-2.00708728e-05,0,0,0,1],"scale":0.876827478,"type":"maritime_pine_bush"},
{"pos":[-409.228729,-142.678818,32.7810936],"rotationMatrix":[0.338362008,-0.941016018,0,0.941016018,0.338362008,0,0,0,1],"scale":1.11158645,"type":"maritime_pine_bush"},
{"pos":[-394.36615,-111.108353,33.5481033],"rotationMatrix":[-0.401367009,-0.915917337,0,0.915917337,-0.401367009,0,0,0,1],"scale":1.02758944,"type":"maritime_pine_bush"},
{"pos":[-394.865936,-109.089615,33.2402573],"rotationMatrix":[0.999210536,0.0397284999,0,-0.0397284999,0.999210536,0,0,0,1],"scale":0.961691499,"type":"maritime_pine_bush"},
{"pos":[-396.226776,-105.740479,32.6830521],"rotationMatrix":[-0.0956999585,0.995410204,0,-0.995410204,-0.0956999585,0,0,0,1],"scale":1.08169472,"type":"maritime_pine_bush"},
{"pos":[-377.457428,-188.521149,40.1137009],"rotationMatrix":[-0.99824959,0.0591422394,0,-0.0591422394,-0.99824959,0,0,0,1],"scale":1.23790407,"type":"maritime_pine_bush"},
{"pos":[-382.326385,-181.324753,39.2298355],"rotationMatrix":[0.456459999,-0.889743924,0,0.889743924,0.456459999,0,0,0,1],"scale":0.818792224,"type":"maritime_pine_bush"},
{"pos":[-387.644073,-158.07814,37.2146797],"rotationMatrix":[0.0614561513,-0.998109758,0,0.998109758,0.0614561513,0,0,0,1],"scale":1.12777686,"type":"maritime_pine_bush"},
{"pos":[-380.165863,-157.784409,38.7864304],"rotationMatrix":[0.287173331,0.957878649,0,-0.957878649,0.287173331,0,0,0,1],"scale":0.870823383,"type":"maritime_pine_bush"},
{"pos":[-384.580872,-155.055328,38.504528],"rotationMatrix":[0.397167921,-0.917745948,0,0.917745948,0.397167921,0,0,0,1],"scale":0.843820155,"type":"maritime_pine_bush"},
{"pos":[-396.23053,-153.247116,34.917778],"rotationMatrix":[-0.717918396,-0.696127295,0,0.696127295,-0.717918396,0,0,0,1],"scale":0.773936868,"type":"maritime_pine_bush"},
{"pos":[-388.128784,-145.463257,36.4264297],"rotationMatrix":[0.861146271,-0.508357286,0,0.508357286,0.861146271,0,0,0,1],"scale":0.99404192,"type":"maritime_pine_bush"},
{"pos":[-383.486755,-143.46933,37.2344742],"rotationMatrix":[0.106697217,0.994291544,0,-0.994291544,0.106697217,0,0,0,1],"scale":0.953897476,"type":"maritime_pine_bush"},
{"pos":[-392.392792,-139.436325,35.1903191],"rotationMatrix":[-0.13563703,0.990758598,0,-0.990758598,-0.13563703,0,0,0,1],"scale":0.90328145,"type":"maritime_pine_bush"},
{"pos":[-387.8526,-128.441452,35.6071434],"rotationMatrix":[0.443557858,-0.896245718,0,0.896245718,0.443557858,0,0,0,1],"scale":0.833191752,"type":"maritime_pine_bush"},
{"pos":[-342.377472,-96.8740997,41.02911],"rotationMatrix":[0.782547414,0.622591019,0,-0.622591019,0.782547414,0,0,0,1],"scale":0.71617502,"type":"maritime_pine_bush"},
{"pos":[-349.578064,-93.2800674,39.7393799],"rotationMatrix":[0.654118717,-0.756391943,0,0.756391943,0.654118717,0,0,0,1],"scale":0.814930499,"type":"maritime_pine_bush"},
{"pos":[-344.598358,-95.448616,40.5766716],"rotationMatrix":[-0.372441202,-0.928055763,0,0.928055763,-0.372441202,0,0,0,1],"scale":1.12429941,"type":"maritime_pine_bush"},
{"pos":[-346.198944,-108.17244,41.0067482],"rotationMatrix":[0.428858012,0.90337193,0,-0.90337193,0.428858012,0,0,0,1],"scale":0.784086168,"type":"maritime_pine_bush"},
{"pos":[-345.447784,-129.451431,42.6267509],"rotationMatrix":[-0.988888681,-0.148657784,0,0.148657784,-0.988888681,0,0,0,1],"scale":0.909013391,"type":"maritime_pine_bush"},
{"pos":[-348.618561,-140.45076,41.9237061],"rotationMatrix":[-0.824016094,-0.566566408,0,0.566566408,-0.824016094,0,0,0,1],"scale":0.73857218,"type":"maritime_pine_bush"},
{"pos":[-356.391449,-139.197189,40.1554985],"rotationMatrix":[-0.969744503,-0.244122162,0,0.244122162,-0.969744503,0,0,0,1],"scale":0.980737567,"type":"maritime_pine_bush"},
{"pos":[-345.759094,-156.652908,42.4637489],"rotationMatrix":[0.908765435,-0.417307287,0,0.417307287,0.908765435,0,0,0,1],"scale":1.04367077,"type":"maritime_pine_bush"},
{"pos":[-343.236115,-152.631424,43.1852188],"rotationMatrix":[0.964368582,0.264562368,0,-0.264562368,0.964368582,0,0,0,1],"scale":1.11342931,"type":"maritime_pine_bush"},
{"pos":[-341.308472,-159.643387,42.9803047],"rotationMatrix":[0.94674629,0.321980447,0,-0.321980447,0.94674629,0,0,0,1],"scale":1.07930291,"type":"maritime_pine_bush"},
{"pos":[-326.718567,-160.553589,44.9427567],"rotationMatrix":[-0.83938241,0.543541372,0,-0.543541372,-0.83938241,0,0,0,1],"scale":0.904731929,"type":"maritime_pine_bush"},
{"pos":[-331.154724,-159.098221,44.3755646],"rotationMatrix":[-0.939543128,-0.342430621,0,0.342430621,-0.939543128,0,0,0,1],"scale":0.95677197,"type":"maritime_pine_bush"},
{"pos":[-331.343353,-154.985458,44.4018135],"rotationMatrix":[0.984836996,0.173482209,0,-0.173482209,0.984836996,0,0,0,1],"scale":0.850064039,"type":"maritime_pine_bush"},
{"pos":[-329.536499,-155.545105,44.6982651],"rotationMatrix":[0.452858061,0.891582608,0,-0.891582608,0.452858061,0,0,0,1],"scale":0.799286008,"type":"maritime_pine_bush"},
{"pos":[-331.841278,-173.246155,43.4417534],"rotationMatrix":[-0.885662436,0.46432966,0,-0.46432966,-0.885662436,0,0,0,1],"scale":1.29269111,"type":"maritime_pine_bush"},
{"pos":[-337.408813,-170.678635,43.3044662],"rotationMatrix":[-0.123641893,-0.992326915,0,0.992326915,-0.123641893,0,0,0,1],"scale":1.18880653,"type":"maritime_pine_bush"},
